>GTAKAGKAAAAG	1-GTAKAGKAAAAG	9.899778	-26.277938	0	T:37.0(12.13%),B:1435.7(3.11%),P:1e-11	Tpos:738.6,Tstd:388.4,Bpos:806.8,Bstd:490.4,StrandBias:0.2,Multiplicity:1.03
0.113	0.001	0.853	0.033
0.095	0.237	0.001	0.667
0.938	0.001	0.060	0.001
0.075	0.124	0.342	0.458
0.557	0.001	0.078	0.364
0.359	0.001	0.639	0.001
0.034	0.001	0.444	0.521
0.900	0.045	0.001	0.054
0.997	0.001	0.001	0.001
0.936	0.001	0.001	0.062
0.853	0.001	0.103	0.043
0.001	0.049	0.735	0.215
>AGTTAATTCTAT	2-AGTTAATTCTAT	11.425859	-24.402921	0	T:18.0(5.90%),B:330.9(0.72%),P:1e-10	Tpos:857.3,Tstd:434.7,Bpos:784.6,Bstd:411.2,StrandBias:1.4,Multiplicity:1.00
0.997	0.001	0.001	0.001
0.001	0.001	0.997	0.001
0.001	0.305	0.001	0.693
0.001	0.001	0.001	0.997
0.962	0.001	0.001	0.036
0.730	0.082	0.001	0.187
0.001	0.001	0.001	0.997
0.073	0.001	0.077	0.849
0.001	0.615	0.143	0.241
0.213	0.001	0.001	0.785
0.652	0.082	0.220	0.046
0.001	0.134	0.005	0.860
>TCTCAGAGAGGT	3-TCTCAGAGAGGT	12.893498	-24.354622	0	T:12.0(3.93%),B:107.9(0.23%),P:1e-10	Tpos:647.2,Tstd:373.2,Bpos:847.2,Bstd:499.0,StrandBias:-0.2,Multiplicity:1.08
0.001	0.001	0.001	0.997
0.086	0.845	0.001	0.068
0.001	0.001	0.001	0.997
0.086	0.840	0.073	0.001
0.925	0.073	0.001	0.001
0.001	0.001	0.902	0.096
0.997	0.001	0.001	0.001
0.001	0.115	0.883	0.001
0.997	0.001	0.001	0.001
0.001	0.001	0.883	0.115
0.060	0.001	0.938	0.001
0.001	0.057	0.076	0.866
>CGCAAGTCTTGG	4-CGCAAGTCTTGG	13.468465	-24.130797	0	T:9.0(2.95%),B:40.3(0.09%),P:1e-10	Tpos:992.2,Tstd:439.1,Bpos:1056.6,Bstd:362.6,StrandBias:-0.3,Multiplicity:1.00
0.001	0.997	0.001	0.001
0.145	0.001	0.709	0.145
0.001	0.997	0.001	0.001
0.676	0.001	0.123	0.200
0.826	0.172	0.001	0.001
0.001	0.001	0.997	0.001
0.001	0.109	0.001	0.889
0.001	0.997	0.001	0.001
0.001	0.001	0.001	0.997
0.001	0.001	0.001	0.997
0.001	0.001	0.997	0.001
0.001	0.001	0.997	0.001
>GCCTGGGTGATT	5-GCCTGGGTGATT	13.354756	-23.608476	0	T:10.0(3.28%),B:63.5(0.14%),P:1e-10	Tpos:632.5,Tstd:468.6,Bpos:798.9,Bstd:478.3,StrandBias:-1.2,Multiplicity:1.00
0.001	0.001	0.997	0.001
0.001	0.997	0.001	0.001
0.157	0.841	0.001	0.001
0.090	0.001	0.001	0.908
0.001	0.001	0.997	0.001
0.001	0.001	0.899	0.099
0.001	0.161	0.837	0.001
0.001	0.001	0.001	0.997
0.001	0.143	0.855	0.001
0.932	0.001	0.066	0.001
0.001	0.001	0.001	0.997
0.157	0.001	0.001	0.841
>CCACCCTTAGTT	6-CCACCCTTAGTT	13.325240	-23.472387	0	T:8.0(2.62%),B:27.9(0.06%),P:1e-10	Tpos:679.6,Tstd:486.9,Bpos:652.5,Bstd:433.0,StrandBias:-1.6,Multiplicity:1.00
0.001	0.997	0.001	0.001
0.001	0.997	0.001	0.001
0.997	0.001	0.001	0.001
0.126	0.642	0.106	0.126
0.001	0.853	0.001	0.145
0.001	0.997	0.001	0.001
0.001	0.125	0.001	0.873
0.001	0.001	0.001	0.997
0.997	0.001	0.001	0.001
0.082	0.114	0.803	0.001
0.001	0.047	0.001	0.951
0.001	0.001	0.001	0.997
>GCTAGAAGAGGG	7-GCTAGAAGAGGG	10.702308	-22.716032	0	T:22.0(7.21%),B:582.1(1.26%),P:1e-9	Tpos:872.5,Tstd:391.2,Bpos:952.3,Bstd:490.4,StrandBias:-0.1,Multiplicity:1.05
0.077	0.240	0.682	0.001
0.001	0.759	0.178	0.062
0.046	0.001	0.041	0.912
0.853	0.001	0.031	0.115
0.125	0.060	0.718	0.097
0.852	0.114	0.033	0.001
0.997	0.001	0.001	0.001
0.136	0.112	0.751	0.001
0.908	0.001	0.001	0.090
0.001	0.001	0.997	0.001
0.116	0.001	0.882	0.001
0.041	0.158	0.737	0.064
>GGAGTGGAGTTT	8-GGAGTGGAGTTT	12.713222	-22.150608	0	T:11.0(3.61%),B:101.2(0.22%),P:1e-9	Tpos:999.6,Tstd:353.7,Bpos:877.8,Bstd:506.8,StrandBias:-1.0,Multiplicity:1.09
0.088	0.001	0.910	0.001
0.130	0.001	0.739	0.130
0.997	0.001	0.001	0.001
0.065	0.001	0.832	0.102
0.001	0.001	0.001	0.997
0.001	0.001	0.997	0.001
0.001	0.102	0.767	0.130
0.945	0.001	0.053	0.001
0.001	0.001	0.930	0.068
0.001	0.001	0.001	0.997
0.001	0.048	0.001	0.950
0.001	0.001	0.001	0.997
>CCACATAAAGAA	9-CCACATAAAGAA	13.225340	-21.313811	0	T:11.0(3.61%),B:110.4(0.24%),P:1e-9	Tpos:872.9,Tstd:375.0,Bpos:879.6,Bstd:437.6,StrandBias:1.4,Multiplicity:1.00
0.001	0.997	0.001	0.001
0.102	0.896	0.001	0.001
0.888	0.001	0.001	0.110
0.099	0.777	0.123	0.001
0.892	0.106	0.001	0.001
0.087	0.001	0.075	0.837
0.997	0.001	0.001	0.001
0.892	0.106	0.001	0.001
0.909	0.001	0.089	0.001
0.001	0.001	0.997	0.001
0.997	0.001	0.001	0.001
0.997	0.001	0.001	0.001
>TGTATTTCTCCG	10-TGTATTTCTCCG	9.264148	-20.832414	0	T:36.0(11.80%),B:1668.9(3.62%),P:1e-9	Tpos:939.8,Tstd:443.2,Bpos:798.7,Bstd:482.7,StrandBias:0.4,Multiplicity:1.03
0.022	0.075	0.053	0.850
0.001	0.124	0.874	0.001
0.001	0.115	0.072	0.812
0.837	0.117	0.029	0.017
0.001	0.001	0.129	0.869
0.001	0.082	0.094	0.823
0.053	0.001	0.038	0.908
0.001	0.892	0.069	0.038
0.080	0.001	0.045	0.874
0.046	0.753	0.090	0.111
0.095	0.735	0.001	0.169
0.110	0.035	0.779	0.076
>TCTCCAGGCTCA	11-TCTCCAGGCTCA	9.468452	-19.933593	0	T:59.0(19.34%),B:3895.8(8.45%),P:1e-8	Tpos:921.9,Tstd:493.7,Bpos:982.8,Bstd:501.3,StrandBias:0.6,Multiplicity:1.12
0.039	0.075	0.070	0.816
0.029	0.859	0.092	0.020
0.131	0.001	0.054	0.814
0.001	0.848	0.097	0.054
0.001	0.936	0.001	0.062
0.769	0.091	0.057	0.083
0.079	0.036	0.805	0.080
0.001	0.080	0.888	0.031
0.035	0.909	0.055	0.001
0.078	0.069	0.075	0.778
0.001	0.831	0.112	0.056
0.725	0.122	0.111	0.042
>CCGACCGCTCCC	12-CCGACCGCTCCC	11.562790	-19.903822	0	T:22.0(7.21%),B:681.4(1.48%),P:1e-8	Tpos:1164.7,Tstd:416.1,Bpos:1196.8,Bstd:474.7,StrandBias:0.3,Multiplicity:1.00
0.001	0.748	0.073	0.178
0.001	0.997	0.001	0.001
0.082	0.059	0.858	0.001
0.860	0.098	0.041	0.001
0.001	0.925	0.073	0.001
0.001	0.997	0.001	0.001
0.129	0.001	0.869	0.001
0.001	0.997	0.001	0.001
0.001	0.074	0.075	0.850
0.001	0.997	0.001	0.001
0.001	0.997	0.001	0.001
0.001	0.997	0.001	0.001
>TGAACTATGTGG	13-TGAACTATGTGG	9.928129	-19.628594	0	T:20.0(6.56%),B:567.7(1.23%),P:1e-8	Tpos:685.3,Tstd:317.4,Bpos:739.6,Bstd:420.2,StrandBias:1.8,Multiplicity:1.15
0.001	0.064	0.111	0.824
0.001	0.055	0.808	0.136
0.885	0.001	0.001	0.113
0.880	0.041	0.001	0.078
0.284	0.714	0.001	0.001
0.055	0.154	0.040	0.751
0.833	0.127	0.039	0.001
0.001	0.103	0.055	0.841
0.001	0.037	0.961	0.001
0.084	0.001	0.084	0.831
0.093	0.001	0.792	0.114
0.034	0.064	0.901	0.001
>ACAGCTGTGGGG	14-ACAGCTGTGGGG	11.583290	-18.825255	0	T:21.0(6.89%),B:659.5(1.43%),P:1e-8	Tpos:934.1,Tstd:496.8,Bpos:1047.6,Bstd:485.7,StrandBias:0.5,Multiplicity:1.00
0.863	0.001	0.135	0.001
0.001	0.676	0.322	0.001
0.934	0.001	0.001	0.064
0.208	0.001	0.790	0.001
0.001	0.997	0.001	0.001
0.001	0.001	0.001	0.997
0.001	0.001	0.997	0.001
0.001	0.209	0.276	0.514
0.360	0.001	0.638	0.001
0.001	0.001	0.997	0.001
0.001	0.208	0.790	0.001
0.001	0.001	0.847	0.151
>CTCTCTGAGCCT	15-CTCTCTGAGCCT	10.725094	-18.314011	0	T:20.0(6.56%),B:615.4(1.33%),P:1e-7	Tpos:839.5,Tstd:475.2,Bpos:1005.1,Bstd:483.2,StrandBias:-0.3,Multiplicity:1.10
0.001	0.923	0.075	0.001
0.001	0.058	0.062	0.879
0.001	0.997	0.001	0.001
0.001	0.047	0.078	0.874
0.001	0.997	0.001	0.001
0.034	0.119	0.001	0.846
0.067	0.001	0.931	0.001
0.966	0.032	0.001	0.001
0.058	0.066	0.800	0.076
0.001	0.900	0.041	0.058
0.001	0.931	0.001	0.067
0.001	0.001	0.001	0.997
>GTCTGGCCCTAA	16-GTCTGGCCCTAA	11.477466	-17.232295	0	T:8.0(2.62%),B:66.9(0.15%),P:1e-7	Tpos:1140.6,Tstd:442.9,Bpos:842.3,Bstd:466.8,StrandBias:1.3,Multiplicity:1.75
0.113	0.067	0.819	0.001
0.001	0.001	0.001	0.997
0.001	0.997	0.001	0.001
0.001	0.097	0.001	0.901
0.001	0.001	0.997	0.001
0.001	0.001	0.997	0.001
0.001	0.885	0.001	0.113
0.082	0.916	0.001	0.001
0.001	0.997	0.001	0.001
0.001	0.044	0.001	0.954
0.997	0.001	0.001	0.001
0.831	0.001	0.070	0.098
>AGACAGTGTTAA	17-AGACAGTGTTAA	13.455806	-16.132663	0	T:7.0(2.30%),B:50.5(0.11%),P:1e-7	Tpos:868.9,Tstd:427.5,Bpos:757.7,Bstd:391.1,StrandBias:-1.0,Multiplicity:1.29
0.997	0.001	0.001	0.001
0.064	0.099	0.836	0.001
0.794	0.088	0.117	0.001
0.001	0.997	0.001	0.001
0.791	0.001	0.001	0.207
0.001	0.131	0.867	0.001
0.001	0.001	0.001	0.997
0.001	0.001	0.997	0.001
0.001	0.156	0.001	0.842
0.001	0.001	0.001	0.997
0.997	0.001	0.001	0.001
0.997	0.001	0.001	0.001
>AGGCGTGCGCGT	18-AGGCGTGCGCGT	9.540390	-15.492297	0	T:43.0(14.10%),B:2743.4(5.95%),P:1e-6	Tpos:1265.2,Tstd:327.4,Bpos:1215.3,Bstd:431.1,StrandBias:0.1,Multiplicity:1.21
0.784	0.150	0.065	0.001
0.001	0.037	0.905	0.057
0.001	0.039	0.959	0.001
0.063	0.850	0.044	0.043
0.057	0.263	0.637	0.043
0.104	0.166	0.023	0.707
0.001	0.002	0.996	0.001
0.001	0.661	0.123	0.215
0.090	0.050	0.859	0.001
0.001	0.932	0.029	0.038
0.078	0.179	0.706	0.037
0.001	0.195	0.065	0.739
>GGTTGCTGGAGA	19-GGTTGCTGGAGA	12.783273	-15.358639	0	T:12.0(3.93%),B:251.3(0.54%),P:1e-6	Tpos:639.6,Tstd:441.4,Bpos:915.8,Bstd:476.6,StrandBias:0.4,Multiplicity:1.17
0.001	0.001	0.883	0.115
0.001	0.088	0.805	0.106
0.001	0.053	0.001	0.945
0.001	0.001	0.053	0.945
0.001	0.001	0.931	0.067
0.001	0.917	0.081	0.001
0.079	0.001	0.001	0.919
0.001	0.001	0.997	0.001
0.001	0.001	0.888	0.110
0.923	0.001	0.075	0.001
0.001	0.001	0.997	0.001
0.933	0.001	0.065	0.001
>CCWAGGCYTGCT	20-CCWAGGCYTGCT	11.062461	-14.541093	0	T:22.0(7.21%),B:934.6(2.03%),P:1e-6	Tpos:1054.1,Tstd:423.8,Bpos:951.9,Bstd:505.0,StrandBias:-0.6,Multiplicity:1.14
0.001	0.997	0.001	0.001
0.001	0.997	0.001	0.001
0.440	0.066	0.054	0.439
0.663	0.001	0.205	0.131
0.001	0.001	0.997	0.001
0.001	0.001	0.576	0.422
0.001	0.909	0.089	0.001
0.001	0.479	0.001	0.519
0.112	0.096	0.001	0.791
0.001	0.001	0.997	0.001
0.216	0.782	0.001	0.001
0.001	0.001	0.001	0.997
>TCACAGCCCCGC	21-TCACAGCCCCGC	10.101581	-14.336318	0	T:33.0(10.82%),B:1891.0(4.10%),P:1e-6	Tpos:1218.8,Tstd:384.4,Bpos:1135.8,Bstd:461.5,StrandBias:0.0,Multiplicity:1.09
0.078	0.048	0.073	0.801
0.039	0.786	0.073	0.102
0.852	0.032	0.049	0.067
0.085	0.824	0.051	0.040
0.681	0.131	0.044	0.144
0.018	0.001	0.916	0.065
0.066	0.932	0.001	0.001
0.076	0.823	0.052	0.049
0.033	0.888	0.030	0.049
0.048	0.818	0.009	0.125
0.035	0.048	0.785	0.132
0.021	0.902	0.044	0.033
>AATATATATTTT	22-AATATATATTTT	10.099780	-13.493251	0	T:14.0(4.59%),B:420.9(0.91%),P:1e-5	Tpos:706.1,Tstd:315.1,Bpos:670.2,Bstd:412.5,StrandBias:-0.2,Multiplicity:1.07
0.604	0.030	0.183	0.183
0.435	0.136	0.204	0.225
0.278	0.045	0.039	0.638
0.858	0.057	0.043	0.042
0.205	0.171	0.196	0.428
0.689	0.031	0.247	0.033
0.264	0.061	0.035	0.640
0.861	0.037	0.026	0.076
0.311	0.032	0.033	0.624
0.049	0.026	0.071	0.854
0.229	0.042	0.213	0.516
0.215	0.044	0.019	0.722
>GCGGAACCAACG	23-GCGGAACCAACG	10.712095	-9.101554	0	T:11.0(3.61%),B:405.5(0.88%),P:1e-3	Tpos:1169.2,Tstd:426.8,Bpos:1154.1,Bstd:434.4,StrandBias:1.6,Multiplicity:1.45
0.001	0.001	0.997	0.001
0.001	0.724	0.274	0.001
0.084	0.001	0.849	0.066
0.001	0.001	0.819	0.179
0.872	0.001	0.126	0.001
0.718	0.001	0.203	0.078
0.084	0.860	0.055	0.001
0.143	0.855	0.001	0.001
0.858	0.001	0.049	0.092
0.689	0.195	0.055	0.061
0.056	0.785	0.158	0.001
0.001	0.001	0.997	0.001
>TATATTCCATCT	24-TATATTCCATCT	11.351400	-6.923377	0	T:6.0(1.97%),B:165.3(0.36%),P:1e-3	Tpos:534.5,Tstd:408.3,Bpos:692.2,Bstd:470.0,StrandBias:-1.9,Multiplicity:4.00
0.079	0.001	0.001	0.919
0.919	0.001	0.079	0.001
0.001	0.001	0.001	0.997
0.882	0.001	0.116	0.001
0.001	0.071	0.001	0.927
0.001	0.169	0.199	0.631
0.299	0.699	0.001	0.001
0.001	0.923	0.001	0.075
0.803	0.110	0.086	0.001
0.001	0.001	0.086	0.912
0.348	0.650	0.001	0.001
0.162	0.001	0.071	0.766
>TGCAGGGGGGAT	25-TGCAGGGGGGAT	14.488742	-6.500359	0	T:2.0(0.66%),B:7.9(0.02%),P:1e-2	Tpos:310.6,Tstd:328.8,Bpos:1233.3,Bstd:442.2,StrandBias:-2.6,Multiplicity:3.50
0.001	0.001	0.001	0.997
0.001	0.001	0.997	0.001
0.001	0.997	0.001	0.001
0.997	0.001	0.001	0.001
0.001	0.001	0.997	0.001
0.001	0.001	0.997	0.001
0.001	0.001	0.997	0.001
0.001	0.137	0.861	0.001
0.119	0.001	0.879	0.001
0.001	0.001	0.997	0.001
0.997	0.001	0.001	0.001
0.001	0.001	0.001	0.997
