>GTGAGYAGAH	1-GTGAGYAGAH	6.488840	-23.285961	0	T:41.0(13.44%),B:1923.8(4.17%),P:1e-10	Tpos:890.2,Tstd:461.3,Bpos:920.7,Bstd:504.8,StrandBias:0.3,Multiplicity:1.05
0.098	0.001	0.757	0.144
0.001	0.421	0.001	0.577
0.089	0.076	0.673	0.162
0.444	0.005	0.279	0.272
0.085	0.260	0.411	0.243
0.237	0.417	0.001	0.345
0.589	0.169	0.151	0.091
0.170	0.151	0.474	0.205
0.478	0.001	0.258	0.262
0.401	0.309	0.002	0.288
>TAATAKMSGB	2-TAATAKMSGB	6.449251	-22.320292	0	T:34.0(11.15%),B:1419.4(3.08%),P:1e-9	Tpos:829.3,Tstd:427.9,Bpos:796.0,Bstd:462.1,StrandBias:-0.1,Multiplicity:1.09
0.004	0.208	0.153	0.635
0.554	0.123	0.201	0.122
0.923	0.027	0.024	0.026
0.188	0.024	0.267	0.521
0.461	0.165	0.246	0.128
0.010	0.127	0.446	0.416
0.396	0.266	0.128	0.209
0.105	0.335	0.442	0.118
0.299	0.014	0.661	0.026
0.006	0.418	0.272	0.304
>TCAAAGATGG	3-TCAAAGATGG	9.702198	-20.848764	0	T:28.0(9.18%),B:1048.6(2.27%),P:1e-9	Tpos:901.0,Tstd:413.0,Bpos:904.1,Bstd:471.3,StrandBias:-0.3,Multiplicity:1.04
0.001	0.001	0.001	0.997
0.001	0.852	0.123	0.024
0.908	0.001	0.049	0.042
0.943	0.001	0.001	0.055
0.874	0.097	0.028	0.001
0.001	0.001	0.954	0.044
0.861	0.001	0.137	0.001
0.106	0.001	0.101	0.792
0.001	0.001	0.959	0.039
0.001	0.031	0.967	0.001
>GGGCCGTTGT	4-GGGCCGTTGT	10.016350	-20.430344	0	T:24.0(7.87%),B:790.2(1.71%),P:1e-8	Tpos:1179.0,Tstd:481.8,Bpos:1035.8,Bstd:497.8,StrandBias:0.5,Multiplicity:1.00
0.068	0.001	0.930	0.001
0.001	0.001	0.997	0.001
0.001	0.001	0.997	0.001
0.001	0.877	0.121	0.001
0.199	0.748	0.052	0.001
0.032	0.053	0.884	0.031
0.102	0.112	0.001	0.785
0.001	0.001	0.028	0.970
0.064	0.029	0.906	0.001
0.001	0.035	0.001	0.963
>AYGGCTHGGC	5-AYGGCTHGGC	7.133070	-20.397106	0	T:37.0(12.13%),B:1780.0(3.86%),P:1e-8	Tpos:1008.5,Tstd:542.1,Bpos:935.4,Bstd:536.4,StrandBias:0.6,Multiplicity:1.16
0.613	0.033	0.025	0.329
0.178	0.273	0.130	0.418
0.237	0.172	0.425	0.166
0.054	0.288	0.623	0.035
0.049	0.648	0.022	0.281
0.071	0.024	0.030	0.875
0.258	0.321	0.023	0.398
0.046	0.043	0.891	0.020
0.035	0.184	0.532	0.249
0.264	0.452	0.025	0.258
>TATGAATGGA	6-TATGAATGGA	9.176786	-20.371912	0	T:36.0(11.80%),B:1698.2(3.68%),P:1e-8	Tpos:748.6,Tstd:477.6,Bpos:801.2,Bstd:462.0,StrandBias:-0.5,Multiplicity:1.06
0.092	0.338	0.067	0.503
0.910	0.001	0.088	0.001
0.001	0.326	0.152	0.521
0.001	0.001	0.997	0.001
0.760	0.031	0.208	0.001
0.743	0.001	0.163	0.093
0.192	0.001	0.134	0.673
0.001	0.001	0.997	0.001
0.001	0.001	0.966	0.032
0.772	0.066	0.161	0.001
>CCCCGGTTTG	7-CCCCGGTTTG	9.978849	-19.273445	0	T:24.0(7.87%),B:840.4(1.82%),P:1e-8	Tpos:1033.5,Tstd:434.2,Bpos:955.6,Bstd:499.7,StrandBias:0.5,Multiplicity:1.00
0.083	0.743	0.173	0.001
0.001	0.997	0.001	0.001
0.001	0.997	0.001	0.001
0.061	0.750	0.001	0.188
0.001	0.178	0.820	0.001
0.001	0.001	0.997	0.001
0.001	0.071	0.001	0.927
0.137	0.043	0.001	0.819
0.001	0.001	0.001	0.997
0.001	0.001	0.938	0.060
>CCTGGTCAAA	8-CCTGGTCAAA	9.278785	-18.803124	0	T:36.0(11.80%),B:1806.6(3.92%),P:1e-8	Tpos:862.2,Tstd:402.6,Bpos:863.6,Bstd:475.2,StrandBias:-0.4,Multiplicity:1.03
0.058	0.877	0.036	0.029
0.001	0.997	0.001	0.001
0.131	0.001	0.001	0.867
0.001	0.106	0.848	0.045
0.001	0.001	0.969	0.029
0.058	0.103	0.128	0.711
0.036	0.962	0.001	0.001
0.997	0.001	0.001	0.001
0.829	0.110	0.060	0.001
0.969	0.001	0.029	0.001
>TCCTACGGAG	9-TCCTACGGAG	9.798452	-18.748134	0	T:24.0(7.87%),B:864.3(1.87%),P:1e-8	Tpos:863.5,Tstd:391.4,Bpos:914.3,Bstd:487.1,StrandBias:-0.2,Multiplicity:1.00
0.172	0.043	0.001	0.784
0.001	0.956	0.001	0.042
0.001	0.997	0.001	0.001
0.064	0.018	0.054	0.864
0.962	0.001	0.036	0.001
0.052	0.902	0.045	0.001
0.045	0.043	0.881	0.031
0.061	0.001	0.865	0.073
0.956	0.001	0.042	0.001
0.054	0.001	0.862	0.083
>GAAACTCATA	10-GAAACTCATA	9.479703	-17.811012	0	T:24.0(7.87%),B:909.9(1.97%),P:1e-7	Tpos:784.7,Tstd:436.6,Bpos:759.6,Bstd:438.8,StrandBias:0.2,Multiplicity:1.00
0.001	0.001	0.965	0.033
0.849	0.062	0.043	0.046
0.951	0.047	0.001	0.001
0.856	0.045	0.054	0.045
0.017	0.859	0.032	0.092
0.022	0.177	0.060	0.741
0.001	0.997	0.001	0.001
0.951	0.022	0.001	0.026
0.011	0.043	0.028	0.918
0.907	0.065	0.027	0.001
>CAACCAAAAC	11-CAACCAAAAC	7.115659	-17.256133	0	T:84.0(27.54%),B:7032.2(15.25%),P:1e-7	Tpos:863.4,Tstd:481.5,Bpos:859.3,Bstd:492.3,StrandBias:0.0,Multiplicity:1.15
0.049	0.830	0.084	0.037
0.824	0.041	0.085	0.050
0.845	0.079	0.036	0.040
0.055	0.753	0.111	0.081
0.022	0.828	0.084	0.066
0.752	0.065	0.102	0.081
0.802	0.059	0.081	0.058
0.707	0.095	0.075	0.123
0.810	0.028	0.085	0.077
0.047	0.857	0.032	0.064
>TTAGATTATA	12-TTAGATTATA	8.559122	-16.639237	0	T:40.0(13.11%),B:2342.3(5.08%),P:1e-7	Tpos:773.0,Tstd:414.3,Bpos:702.2,Bstd:446.2,StrandBias:-0.1,Multiplicity:1.15
0.071	0.001	0.089	0.839
0.059	0.059	0.001	0.881
0.997	0.001	0.001	0.001
0.001	0.001	0.958	0.040
0.947	0.001	0.001	0.051
0.039	0.001	0.001	0.959
0.001	0.105	0.068	0.826
0.836	0.039	0.016	0.109
0.209	0.059	0.001	0.731
0.927	0.071	0.001	0.001
>GAGMAATACR	13-GAGMAATACR	9.711318	-16.110730	0	T:20.0(6.56%),B:707.8(1.54%),P:1e-6	Tpos:906.2,Tstd:475.1,Bpos:876.6,Bstd:483.4,StrandBias:-0.2,Multiplicity:1.00
0.001	0.132	0.866	0.001
0.997	0.001	0.001	0.001
0.001	0.001	0.997	0.001
0.546	0.452	0.001	0.001
0.842	0.064	0.093	0.001
0.838	0.076	0.001	0.085
0.108	0.113	0.135	0.644
0.826	0.050	0.123	0.001
0.001	0.896	0.001	0.102
0.523	0.001	0.475	0.001
>CTAGACTATC	14-CTAGACTATC	9.803042	-16.099397	0	T:17.0(5.57%),B:510.6(1.11%),P:1e-6	Tpos:851.3,Tstd:487.6,Bpos:786.0,Bstd:497.8,StrandBias:0.5,Multiplicity:1.12
0.001	0.997	0.001	0.001
0.045	0.001	0.001	0.953
0.997	0.001	0.001	0.001
0.064	0.091	0.762	0.083
0.822	0.052	0.075	0.051
0.001	0.955	0.001	0.043
0.001	0.001	0.001	0.997
0.798	0.038	0.130	0.034
0.001	0.059	0.001	0.939
0.067	0.863	0.069	0.001
>CGCGCACGCA	15-CGCGCACGCA	10.269013	-15.108093	0	T:27.0(8.85%),B:1301.8(2.82%),P:1e-6	Tpos:1184.7,Tstd:417.5,Bpos:1188.6,Bstd:472.9,StrandBias:0.0,Multiplicity:1.11
0.145	0.853	0.001	0.001
0.088	0.044	0.653	0.215
0.001	0.825	0.130	0.044
0.001	0.001	0.997	0.001
0.001	0.997	0.001	0.001
0.997	0.001	0.001	0.001
0.001	0.997	0.001	0.001
0.267	0.001	0.731	0.001
0.001	0.727	0.050	0.222
0.723	0.275	0.001	0.001
>AAACAATWCA	16-AAACAATWCA	8.240364	-14.901455	0	T:53.0(17.38%),B:3846.2(8.34%),P:1e-6	Tpos:719.1,Tstd:389.4,Bpos:691.8,Bstd:459.2,StrandBias:0.3,Multiplicity:1.08
0.695	0.024	0.241	0.040
0.567	0.043	0.062	0.328
0.810	0.031	0.098	0.061
0.180	0.441	0.217	0.162
0.725	0.140	0.063	0.072
0.818	0.068	0.057	0.057
0.030	0.032	0.025	0.913
0.438	0.038	0.165	0.359
0.061	0.549	0.026	0.364
0.693	0.025	0.243	0.039
>GGTCTTGCCS	17-GGTCTTGCCS	9.798936	-14.835062	0	T:29.0(9.51%),B:1491.9(3.24%),P:1e-6	Tpos:1053.9,Tstd:497.5,Bpos:1005.8,Bstd:503.6,StrandBias:0.4,Multiplicity:1.14
0.329	0.001	0.669	0.001
0.001	0.001	0.997	0.001
0.001	0.001	0.001	0.997
0.001	0.726	0.272	0.001
0.277	0.001	0.001	0.721
0.001	0.001	0.001	0.997
0.001	0.001	0.997	0.001
0.001	0.793	0.205	0.001
0.001	0.997	0.001	0.001
0.001	0.494	0.504	0.001
>CTCGTGSATC	18-CTCGTGSATC	12.779410	-14.385453	0	T:5.0(1.64%),B:20.5(0.04%),P:1e-6	Tpos:1088.0,Tstd:400.4,Bpos:918.7,Bstd:456.9,StrandBias:-0.6,Multiplicity:1.00
0.001	0.997	0.001	0.001
0.257	0.001	0.001	0.741
0.001	0.997	0.001	0.001
0.001	0.001	0.997	0.001
0.001	0.001	0.001	0.997
0.001	0.001	0.997	0.001
0.001	0.432	0.566	0.001
0.997	0.001	0.001	0.001
0.001	0.001	0.001	0.997
0.174	0.824	0.001	0.001
>CGGGGGATGC	19-CGGGGGATGC	9.327293	-12.663848	0	T:29.0(9.51%),B:1668.0(3.62%),P:1e-5	Tpos:1025.3,Tstd:551.0,Bpos:1099.7,Bstd:482.9,StrandBias:-0.8,Multiplicity:1.21
0.262	0.586	0.151	0.001
0.001	0.181	0.790	0.028
0.027	0.062	0.866	0.045
0.001	0.345	0.653	0.001
0.063	0.001	0.871	0.065
0.001	0.001	0.997	0.001
0.858	0.018	0.061	0.063
0.001	0.076	0.001	0.922
0.133	0.001	0.865	0.001
0.001	0.836	0.104	0.059
>GGCABASGCC	20-GGCABASGCC	12.002123	-10.591775	0	T:22.0(7.21%),B:1206.0(2.62%),P:1e-4	Tpos:1103.8,Tstd:444.6,Bpos:992.7,Bstd:496.0,StrandBias:1.1,Multiplicity:1.14
0.001	0.001	0.997	0.001
0.001	0.001	0.997	0.001
0.001	0.997	0.001	0.001
0.997	0.001	0.001	0.001
0.001	0.379	0.283	0.337
0.997	0.001	0.001	0.001
0.001	0.435	0.563	0.001
0.001	0.001	0.997	0.001
0.001	0.997	0.001	0.001
0.001	0.997	0.001	0.001
>GAACAAACGT	21-GAACAAACGT	9.960451	-8.076873	0	T:8.0(2.62%),B:247.7(0.54%),P:1e-3	Tpos:1123.8,Tstd:349.6,Bpos:908.6,Bstd:512.5,StrandBias:0.0,Multiplicity:1.50
0.098	0.001	0.900	0.001
0.921	0.077	0.001	0.001
0.889	0.109	0.001	0.001
0.076	0.748	0.001	0.175
0.674	0.324	0.001	0.001
0.848	0.001	0.020	0.131
0.704	0.119	0.063	0.114
0.001	0.997	0.001	0.001
0.001	0.001	0.997	0.001
0.001	0.001	0.251	0.747
>ATCTCCCCTR	22-ATCTCCCCTR	11.629848	-7.660289	0	T:10.0(3.28%),B:405.8(0.88%),P:1e-3	Tpos:703.5,Tstd:395.1,Bpos:955.9,Bstd:483.5,StrandBias:1.4,Multiplicity:1.10
0.997	0.001	0.001	0.001
0.001	0.001	0.001	0.997
0.001	0.997	0.001	0.001
0.001	0.193	0.001	0.805
0.001	0.905	0.093	0.001
0.001	0.997	0.001	0.001
0.001	0.997	0.001	0.001
0.001	0.997	0.001	0.001
0.001	0.001	0.346	0.652
0.433	0.001	0.565	0.001
>TAGGGCCAGA	23-TAGGGCCAGA	13.730542	-7.396113	0	T:5.0(1.64%),B:98.5(0.21%),P:1e-3	Tpos:1334.1,Tstd:242.0,Bpos:906.3,Bstd:484.0,StrandBias:-2.8,Multiplicity:1.60
0.001	0.001	0.001	0.997
0.997	0.001	0.001	0.001
0.001	0.001	0.997	0.001
0.001	0.001	0.997	0.001
0.001	0.001	0.997	0.001
0.001	0.997	0.001	0.001
0.001	0.997	0.001	0.001
0.900	0.001	0.098	0.001
0.001	0.001	0.997	0.001
0.997	0.001	0.001	0.001
>GAACTATGTG	24-GAACTATGTG	10.296193	-7.249548	0	T:4.0(1.31%),B:57.8(0.13%),P:1e-3	Tpos:703.7,Tstd:413.3,Bpos:764.9,Bstd:647.6,StrandBias:10.0,Multiplicity:1.50
0.100	0.100	0.700	0.100
0.700	0.100	0.100	0.100
0.700	0.100	0.100	0.100
0.100	0.700	0.100	0.100
0.100	0.100	0.100	0.700
0.700	0.100	0.100	0.100
0.100	0.100	0.100	0.700
0.100	0.100	0.700	0.100
0.100	0.100	0.100	0.700
0.100	0.100	0.700	0.100
>TATTCCATCT	25-TATTCCATCT	11.271770	-2.888433	0	T:4.0(1.31%),B:213.9(0.46%),P:1e-1	Tpos:471.7,Tstd:315.1,Bpos:762.2,Bstd:515.2,StrandBias:-10.0,Multiplicity:3.75
0.001	0.001	0.001	0.997
0.997	0.001	0.001	0.001
0.001	0.001	0.001	0.997
0.001	0.095	0.001	0.903
0.001	0.997	0.001	0.001
0.001	0.997	0.001	0.001
0.997	0.001	0.001	0.001
0.001	0.001	0.001	0.997
0.001	0.997	0.001	0.001
0.001	0.001	0.085	0.913
