>TAATCGCT	1-TAATCGCT	7.088088	-16.395150	0	T:65.0(21.31%),B:4965.1(10.77%),P:1e-7	Tpos:831.1,Tstd:527.1,Bpos:911.4,Bstd:503.0,StrandBias:0.3,Multiplicity:1.05
0.001	0.001	0.132	0.866
0.680	0.269	0.001	0.050
0.837	0.001	0.113	0.049
0.040	0.001	0.001	0.958
0.001	0.997	0.001	0.001
0.001	0.001	0.880	0.118
0.140	0.819	0.040	0.001
0.001	0.001	0.078	0.920
>TGAWCGCT	2-TGAWCGCT	8.082531	-15.119843	0	T:40.0(13.11%),B:2485.2(5.39%),P:1e-6	Tpos:1111.2,Tstd:482.9,Bpos:1024.2,Bstd:495.8,StrandBias:-0.5,Multiplicity:1.02
0.001	0.001	0.001	0.997
0.123	0.001	0.875	0.001
0.675	0.001	0.001	0.323
0.512	0.001	0.001	0.486
0.001	0.997	0.001	0.001
0.001	0.186	0.812	0.001
0.001	0.997	0.001	0.001
0.001	0.001	0.203	0.795
>CTCTCTGA	3-CTCTCTGA	8.033769	-12.461499	0	T:95.0(31.15%),B:9279.8(20.12%),P:1e-5	Tpos:845.1,Tstd:526.5,Bpos:947.7,Bstd:501.4,StrandBias:-0.2,Multiplicity:1.16
0.001	0.997	0.001	0.001
0.001	0.001	0.134	0.864
0.001	0.997	0.001	0.001
0.001	0.001	0.001	0.997
0.074	0.924	0.001	0.001
0.001	0.001	0.001	0.997
0.001	0.001	0.997	0.001
0.747	0.251	0.001	0.001
>GAGTTCCG	4-GAGTTCCG	8.255503	-8.700558	0	T:41.0(13.44%),B:3401.8(7.38%),P:1e-3	Tpos:1174.8,Tstd:388.4,Bpos:1138.5,Bstd:469.7,StrandBias:-0.5,Multiplicity:1.05
0.001	0.001	0.991	0.007
0.988	0.001	0.010	0.001
0.062	0.001	0.764	0.173
0.360	0.014	0.001	0.625
0.063	0.001	0.012	0.924
0.095	0.673	0.231	0.001
0.012	0.914	0.013	0.061
0.022	0.001	0.976	0.001
>ATCTCTAT	5-ATCTCTAT	10.995676	-2.994393	0	T:13.0(4.26%),B:1168.6(2.53%),P:1e-1	Tpos:547.3,Tstd:395.0,Bpos:780.5,Bstd:465.3,StrandBias:-1.4,Multiplicity:1.69
0.997	0.001	0.001	0.001
0.001	0.001	0.001	0.997
0.001	0.997	0.001	0.001
0.001	0.001	0.069	0.929
0.001	0.997	0.001	0.001
0.001	0.001	0.001	0.997
0.997	0.001	0.001	0.001
0.001	0.001	0.001	0.997
