>CGTCAGACTCTG	1-CGTCAGACTCTG	12.581877	-25.391624	0	T:9.0(8.91%),B:115.8(0.25%),P:1e-11	Tpos:1020.6,Tstd:443.6,Bpos:870.3,Bstd:459.7,StrandBias:-0.6,Multiplicity:1.11
0.001	0.661	0.337	0.001
0.001	0.136	0.862	0.001
0.265	0.001	0.001	0.733
0.001	0.997	0.001	0.001
0.997	0.001	0.001	0.001
0.001	0.001	0.997	0.001
0.839	0.159	0.001	0.001
0.001	0.997	0.001	0.001
0.001	0.001	0.001	0.997
0.001	0.997	0.001	0.001
0.192	0.001	0.001	0.806
0.001	0.220	0.778	0.001
>AAACTGTCCGGA	2-AAACTGTCCGGA	12.939448	-23.894911	0	T:7.0(6.93%),B:49.3(0.11%),P:1e-10	Tpos:1189.1,Tstd:424.0,Bpos:981.0,Bstd:518.8,StrandBias:1.3,Multiplicity:1.00
0.997	0.001	0.001	0.001
0.997	0.001	0.001	0.001
0.811	0.001	0.001	0.187
0.001	0.997	0.001	0.001
0.001	0.001	0.001	0.997
0.001	0.001	0.849	0.149
0.001	0.001	0.375	0.623
0.001	0.997	0.001	0.001
0.001	0.997	0.001	0.001
0.316	0.001	0.682	0.001
0.001	0.187	0.811	0.001
0.997	0.001	0.001	0.001
>AAAAGTATCAAG	3-AAAAGTATCAAG	10.819842	-23.304519	0	T:11.0(10.89%),B:291.4(0.63%),P:1e-10	Tpos:828.0,Tstd:448.1,Bpos:688.7,Bstd:456.2,StrandBias:-0.3,Multiplicity:1.00
0.835	0.001	0.163	0.001
0.928	0.001	0.070	0.001
0.778	0.001	0.217	0.004
0.747	0.167	0.001	0.085
0.129	0.087	0.783	0.001
0.001	0.001	0.001	0.997
0.759	0.062	0.056	0.123
0.073	0.122	0.096	0.709
0.065	0.855	0.001	0.079
0.807	0.130	0.001	0.062
0.939	0.001	0.001	0.059
0.062	0.065	0.872	0.001
>TTTTCGCAACTG	4-TTTTCGCAACTG	14.030886	-23.126289	0	T:5.0(4.95%),B:9.8(0.02%),P:1e-10	Tpos:1131.0,Tstd:337.6,Bpos:810.7,Bstd:628.2,StrandBias:-0.6,Multiplicity:1.00
0.001	0.001	0.001	0.997
0.001	0.001	0.001	0.997
0.001	0.001	0.001	0.997
0.001	0.001	0.197	0.801
0.001	0.997	0.001	0.001
0.157	0.001	0.841	0.001
0.222	0.776	0.001	0.001
0.997	0.001	0.001	0.001
0.997	0.001	0.001	0.001
0.001	0.997	0.001	0.001
0.001	0.001	0.222	0.776
0.001	0.001	0.997	0.001
>GCCAAGACGCGC	5-GCCAAGACGCGC	12.768148	-22.562577	0	T:8.0(7.92%),B:104.0(0.23%),P:1e-9	Tpos:1187.9,Tstd:261.1,Bpos:1079.8,Bstd:481.4,StrandBias:1.0,Multiplicity:1.12
0.001	0.412	0.586	0.001
0.001	0.868	0.130	0.001
0.001	0.997	0.001	0.001
0.934	0.001	0.064	0.001
0.997	0.001	0.001	0.001
0.185	0.001	0.605	0.209
0.937	0.061	0.001	0.001
0.001	0.997	0.001	0.001
0.001	0.255	0.743	0.001
0.001	0.997	0.001	0.001
0.001	0.001	0.790	0.208
0.001	0.894	0.104	0.001
>CGAACAATCCKA	6-CGAACAATCCKA	11.339991	-22.175243	0	T:7.0(6.93%),B:64.7(0.14%),P:1e-9	Tpos:896.1,Tstd:416.8,Bpos:1090.0,Bstd:429.0,StrandBias:2.6,Multiplicity:1.00
0.001	0.997	0.001	0.001
0.001	0.001	0.997	0.001
0.404	0.214	0.169	0.214
0.997	0.001	0.001	0.001
0.001	0.785	0.213	0.001
0.997	0.001	0.001	0.001
0.992	0.001	0.001	0.006
0.001	0.001	0.142	0.856
0.001	0.997	0.001	0.001
0.001	0.997	0.001	0.001
0.190	0.009	0.348	0.453
0.785	0.213	0.001	0.001
>ATGGCTCTAACT	7-ATGGCTCTAACT	13.909698	-20.320095	0	T:5.0(4.95%),B:18.5(0.04%),P:1e-8	Tpos:572.3,Tstd:339.4,Bpos:655.3,Bstd:327.3,StrandBias:2.3,Multiplicity:1.20
0.997	0.001	0.001	0.001
0.180	0.001	0.180	0.639
0.001	0.001	0.997	0.001
0.001	0.001	0.997	0.001
0.001	0.997	0.001	0.001
0.001	0.001	0.001	0.997
0.180	0.675	0.001	0.144
0.001	0.001	0.001	0.997
0.842	0.001	0.156	0.001
0.997	0.001	0.001	0.001
0.001	0.997	0.001	0.001
0.001	0.001	0.001	0.997
>GGACAGCAGAAA	8-GGACAGCAGAAA	13.223028	-19.807850	0	T:9.0(8.91%),B:223.7(0.49%),P:1e-8	Tpos:985.1,Tstd:512.3,Bpos:844.1,Bstd:540.7,StrandBias:-0.3,Multiplicity:1.00
0.115	0.001	0.883	0.001
0.001	0.001	0.997	0.001
0.872	0.001	0.126	0.001
0.079	0.919	0.001	0.001
0.997	0.001	0.001	0.001
0.001	0.001	0.997	0.001
0.001	0.905	0.093	0.001
0.997	0.001	0.001	0.001
0.001	0.001	0.997	0.001
0.800	0.001	0.001	0.198
0.997	0.001	0.001	0.001
0.762	0.108	0.129	0.001
>GTCGGTTCGTGG	9-GTCGGTTCGTGG	13.994932	-19.654975	0	T:5.0(4.95%),B:21.1(0.05%),P:1e-8	Tpos:676.0,Tstd:693.5,Bpos:1194.6,Bstd:818.6,StrandBias:2.0,Multiplicity:1.00
0.001	0.001	0.997	0.001
0.001	0.001	0.001	0.997
0.001	0.997	0.001	0.001
0.001	0.001	0.997	0.001
0.001	0.001	0.997	0.001
0.001	0.001	0.146	0.852
0.001	0.196	0.001	0.802
0.001	0.997	0.001	0.001
0.001	0.176	0.822	0.001
0.001	0.239	0.001	0.759
0.001	0.001	0.997	0.001
0.001	0.001	0.997	0.001
>AGAGCGGGTTAA	10-AGAGCGGGTTAA	13.934814	-19.451919	0	T:5.0(4.95%),B:22.1(0.05%),P:1e-8	Tpos:835.8,Tstd:448.1,Bpos:1034.6,Bstd:352.4,StrandBias:0.6,Multiplicity:1.00
0.997	0.001	0.001	0.001
0.214	0.001	0.784	0.001
0.997	0.001	0.001	0.001
0.001	0.001	0.997	0.001
0.001	0.997	0.001	0.001
0.138	0.001	0.860	0.001
0.001	0.001	0.997	0.001
0.001	0.001	0.997	0.001
0.001	0.001	0.187	0.811
0.001	0.001	0.001	0.997
0.784	0.214	0.001	0.001
0.997	0.001	0.001	0.001
>ACTCTGGATTAG	11-ACTCTGGATTAG	14.046019	-19.451919	0	T:5.0(4.95%),B:22.5(0.05%),P:1e-8	Tpos:719.8,Tstd:523.8,Bpos:500.7,Bstd:346.6,StrandBias:0.6,Multiplicity:1.00
0.997	0.001	0.001	0.001
0.001	0.997	0.001	0.001
0.001	0.001	0.001	0.997
0.001	0.755	0.243	0.001
0.001	0.001	0.001	0.997
0.001	0.001	0.997	0.001
0.001	0.001	0.818	0.180
0.997	0.001	0.001	0.001
0.001	0.001	0.001	0.997
0.001	0.001	0.200	0.798
0.842	0.156	0.001	0.001
0.001	0.001	0.997	0.001
>ACGGTGGGGCCC	12-ACGGTGGGGCCC	13.994947	-18.714704	0	T:5.0(4.95%),B:26.5(0.06%),P:1e-8	Tpos:1133.3,Tstd:392.6,Bpos:1091.5,Bstd:448.8,StrandBias:1.0,Multiplicity:1.20
0.997	0.001	0.001	0.001
0.001	0.932	0.066	0.001
0.001	0.001	0.997	0.001
0.001	0.001	0.997	0.001
0.001	0.001	0.001	0.997
0.001	0.163	0.835	0.001
0.090	0.001	0.737	0.172
0.001	0.001	0.997	0.001
0.001	0.001	0.997	0.001
0.151	0.847	0.001	0.001
0.001	0.841	0.157	0.001
0.001	0.997	0.001	0.001
>GGGCCTATGAGT	13-GGGCCTATGAGT	14.563941	-18.546542	0	T:5.0(4.95%),B:27.3(0.06%),P:1e-8	Tpos:532.4,Tstd:395.2,Bpos:683.0,Bstd:489.0,StrandBias:2.0,Multiplicity:1.00
0.001	0.001	0.997	0.001
0.001	0.001	0.997	0.001
0.001	0.001	0.997	0.001
0.001	0.997	0.001	0.001
0.001	0.997	0.001	0.001
0.001	0.001	0.001	0.997
0.563	0.186	0.001	0.250
0.001	0.300	0.001	0.698
0.001	0.001	0.997	0.001
0.997	0.001	0.001	0.001
0.001	0.001	0.997	0.001
0.001	0.001	0.001	0.997
>CATTCCTCCCAA	14-CATTCCTCCCAA	14.138242	-18.290184	0	T:7.0(6.93%),B:116.1(0.25%),P:1e-7	Tpos:879.0,Tstd:369.0,Bpos:786.4,Bstd:502.8,StrandBias:0.4,Multiplicity:1.00
0.001	0.997	0.001	0.001
0.833	0.165	0.001	0.001
0.001	0.001	0.236	0.762
0.001	0.193	0.001	0.805
0.001	0.997	0.001	0.001
0.001	0.997	0.001	0.001
0.001	0.001	0.001	0.997
0.001	0.997	0.001	0.001
0.001	0.997	0.001	0.001
0.001	0.997	0.001	0.001
0.833	0.165	0.001	0.001
0.997	0.001	0.001	0.001
>GGAGCACRGGCC	15-GGAGCACRGGCC	12.074472	-18.068391	0	T:12.0(11.88%),B:614.9(1.34%),P:1e-7	Tpos:1159.7,Tstd:524.6,Bpos:1070.4,Bstd:542.3,StrandBias:0.8,Multiplicity:1.17
0.001	0.001	0.875	0.123
0.001	0.001	0.820	0.178
0.980	0.018	0.001	0.001
0.001	0.001	0.997	0.001
0.001	0.753	0.245	0.001
0.867	0.001	0.131	0.001
0.131	0.791	0.077	0.001
0.411	0.097	0.491	0.001
0.001	0.158	0.840	0.001
0.001	0.001	0.997	0.001
0.001	0.997	0.001	0.001
0.001	0.997	0.001	0.001
>GGCGGAGAAGAA	16-GGCGGAGAAGAA	13.031503	-17.667193	0	T:9.0(8.91%),B:288.6(0.63%),P:1e-7	Tpos:986.2,Tstd:395.6,Bpos:1229.1,Bstd:493.1,StrandBias:-1.0,Multiplicity:1.00
0.001	0.001	0.997	0.001
0.001	0.001	0.997	0.001
0.001	0.997	0.001	0.001
0.118	0.001	0.880	0.001
0.001	0.152	0.633	0.214
0.927	0.001	0.071	0.001
0.001	0.001	0.997	0.001
0.893	0.001	0.105	0.001
0.907	0.001	0.091	0.001
0.001	0.001	0.997	0.001
0.997	0.001	0.001	0.001
0.865	0.133	0.001	0.001
>TTAAGACGDCCC	17-TTAAGACGDCCC	8.757293	-17.343754	0	T:7.0(6.93%),B:134.0(0.29%),P:1e-7	Tpos:994.1,Tstd:468.3,Bpos:783.4,Bstd:451.3,StrandBias:1.3,Multiplicity:1.00
0.018	0.001	0.001	0.980
0.001	0.001	0.001	0.997
0.997	0.001	0.001	0.001
0.997	0.001	0.001	0.001
0.001	0.001	0.997	0.001
0.997	0.001	0.001	0.001
0.001	0.712	0.001	0.286
0.001	0.001	0.748	0.250
0.317	0.001	0.364	0.318
0.317	0.681	0.001	0.001
0.001	0.997	0.001	0.001
0.001	0.997	0.001	0.001
>CYCATGTTATTT	18-CYCATGTTATTT	9.466472	-17.298566	0	T:10.0(9.90%),B:407.4(0.89%),P:1e-7	Tpos:1024.0,Tstd:461.4,Bpos:741.3,Bstd:445.9,StrandBias:0.0,Multiplicity:1.20
0.001	0.997	0.001	0.001
0.001	0.524	0.001	0.474
0.001	0.989	0.001	0.009
0.804	0.194	0.001	0.001
0.007	0.291	0.007	0.695
0.008	0.001	0.990	0.001
0.180	0.001	0.001	0.818
0.180	0.001	0.001	0.818
0.997	0.001	0.001	0.001
0.001	0.001	0.001	0.997
0.001	0.001	0.290	0.708
0.290	0.001	0.001	0.708
>KGAAACMGTCAA	19-KGAAACMGTCAA	11.852533	-16.752275	0	T:8.0(7.92%),B:226.4(0.49%),P:1e-7	Tpos:743.1,Tstd:450.6,Bpos:842.6,Bstd:455.8,StrandBias:1.2,Multiplicity:1.25
0.001	0.001	0.527	0.471
0.222	0.001	0.776	0.001
0.997	0.001	0.001	0.001
0.814	0.184	0.001	0.001
0.997	0.001	0.001	0.001
0.001	0.997	0.001	0.001
0.489	0.509	0.001	0.001
0.001	0.001	0.997	0.001
0.119	0.001	0.001	0.879
0.001	0.712	0.286	0.001
0.629	0.369	0.001	0.001
0.997	0.001	0.001	0.001
>TGAGCCGCGCAA	20-TGAGCCGCGCAA	12.112261	-16.557448	0	T:8.0(7.92%),B:232.9(0.51%),P:1e-7	Tpos:1107.4,Tstd:501.9,Bpos:1246.9,Bstd:447.4,StrandBias:0.5,Multiplicity:1.12
0.188	0.176	0.001	0.635
0.001	0.001	0.997	0.001
0.630	0.368	0.001	0.001
0.001	0.001	0.997	0.001
0.001	0.997	0.001	0.001
0.001	0.688	0.310	0.001
0.001	0.184	0.814	0.001
0.001	0.997	0.001	0.001
0.280	0.001	0.709	0.010
0.001	0.997	0.001	0.001
0.850	0.007	0.142	0.001
0.631	0.361	0.007	0.001
>ACTGCAGCCCAT	21-ACTGCAGCCCAT	13.399797	-16.474563	0	T:7.0(6.93%),B:153.6(0.33%),P:1e-7	Tpos:1117.6,Tstd:332.0,Bpos:868.5,Bstd:589.9,StrandBias:0.4,Multiplicity:1.00
0.843	0.001	0.155	0.001
0.001	0.997	0.001	0.001
0.183	0.001	0.001	0.815
0.001	0.001	0.997	0.001
0.001	0.997	0.001	0.001
0.997	0.001	0.001	0.001
0.001	0.001	0.997	0.001
0.001	0.997	0.001	0.001
0.001	0.997	0.001	0.001
0.001	0.794	0.001	0.204
0.902	0.096	0.001	0.001
0.140	0.001	0.092	0.767
>CCTCCCCATTGG	22-CCTCCCCATTGG	13.650340	-16.273805	0	T:6.0(5.94%),B:92.7(0.20%),P:1e-7	Tpos:955.7,Tstd:420.1,Bpos:1112.4,Bstd:466.3,StrandBias:2.6,Multiplicity:1.17
0.001	0.997	0.001	0.001
0.161	0.710	0.128	0.001
0.001	0.001	0.001	0.997
0.001	0.919	0.001	0.079
0.001	0.997	0.001	0.001
0.144	0.703	0.001	0.152
0.001	0.873	0.125	0.001
0.997	0.001	0.001	0.001
0.001	0.001	0.098	0.900
0.001	0.001	0.001	0.997
0.001	0.001	0.997	0.001
0.001	0.001	0.997	0.001
>CCTGGATSYCWG	23-CCTGGATSYCWG	11.499930	-15.911136	0	T:9.0(8.91%),B:356.6(0.78%),P:1e-6	Tpos:752.0,Tstd:568.8,Bpos:880.1,Bstd:467.4,StrandBias:0.0,Multiplicity:1.11
0.111	0.887	0.001	0.001
0.210	0.686	0.001	0.103
0.001	0.001	0.075	0.923
0.001	0.001	0.997	0.001
0.001	0.001	0.997	0.001
0.901	0.097	0.001	0.001
0.001	0.103	0.001	0.895
0.104	0.459	0.436	0.001
0.220	0.375	0.001	0.405
0.125	0.873	0.001	0.001
0.458	0.001	0.001	0.540
0.001	0.001	0.841	0.157
>TTCTTAAGAATT	24-TTCTTAAGAATT	13.883370	-13.910373	0	T:5.0(4.95%),B:74.0(0.16%),P:1e-6	Tpos:728.1,Tstd:483.1,Bpos:756.3,Bstd:463.6,StrandBias:-0.4,Multiplicity:1.00
0.001	0.001	0.001	0.997
0.001	0.001	0.001	0.997
0.001	0.997	0.001	0.001
0.001	0.001	0.001	0.997
0.001	0.001	0.001	0.997
0.997	0.001	0.001	0.001
0.997	0.001	0.001	0.001
0.153	0.001	0.845	0.001
0.997	0.001	0.001	0.001
0.835	0.001	0.163	0.001
0.001	0.248	0.238	0.513
0.001	0.001	0.001	0.997
