>TCTCTAACAA	1-TCTCTAACAA	9.458069	-24.790391	0	T:18.0(17.82%),B:1040.3(2.26%),P:1e-10	Tpos:878.1,Tstd:508.1,Bpos:770.6,Bstd:472.0,StrandBias:0.7,Multiplicity:1.00
0.051	0.001	0.077	0.871
0.001	0.997	0.001	0.001
0.057	0.001	0.001	0.941
0.070	0.886	0.001	0.043
0.001	0.001	0.106	0.892
0.954	0.001	0.044	0.001
0.759	0.001	0.239	0.001
0.033	0.965	0.001	0.001
0.909	0.001	0.089	0.001
0.871	0.061	0.001	0.067
>CGGTCTGAAG	2-CGGTCTGAAG	9.731425	-22.140574	0	T:16.0(15.84%),B:921.9(2.01%),P:1e-9	Tpos:912.5,Tstd:495.9,Bpos:1054.6,Bstd:538.8,StrandBias:-0.5,Multiplicity:1.06
0.125	0.805	0.056	0.014
0.001	0.001	0.997	0.001
0.001	0.190	0.808	0.001
0.171	0.001	0.001	0.827
0.001	0.997	0.001	0.001
0.001	0.001	0.001	0.997
0.001	0.001	0.997	0.001
0.742	0.131	0.126	0.001
0.840	0.001	0.158	0.001
0.001	0.001	0.997	0.001
>GAGTCTGACC	3-GAGTCTGACC	9.250893	-22.130447	0	T:24.0(23.76%),B:2350.3(5.11%),P:1e-9	Tpos:1082.4,Tstd:394.4,Bpos:914.4,Bstd:544.4,StrandBias:0.2,Multiplicity:1.08
0.417	0.001	0.581	0.001
0.856	0.001	0.001	0.142
0.001	0.116	0.882	0.001
0.106	0.219	0.050	0.625
0.001	0.997	0.001	0.001
0.095	0.001	0.061	0.843
0.001	0.122	0.876	0.001
0.727	0.001	0.191	0.081
0.001	0.766	0.232	0.001
0.001	0.793	0.205	0.001
>TTCGCCTCTA	4-TTCGCCTCTA	7.457191	-21.544740	0	T:36.0(35.64%),B:5409.7(11.77%),P:1e-9	Tpos:1068.8,Tstd:414.4,Bpos:1022.0,Bstd:520.9,StrandBias:0.0,Multiplicity:1.11
0.142	0.023	0.040	0.795
0.001	0.082	0.098	0.819
0.045	0.790	0.113	0.052
0.044	0.029	0.903	0.024
0.001	0.853	0.066	0.080
0.036	0.853	0.061	0.050
0.038	0.084	0.108	0.770
0.099	0.762	0.089	0.050
0.084	0.095	0.034	0.787
0.675	0.159	0.073	0.093
>CGTGTCTTGG	5-CGTGTCTTGG	10.531178	-19.539739	0	T:10.0(9.90%),B:319.3(0.69%),P:1e-8	Tpos:812.2,Tstd:459.4,Bpos:1050.4,Bstd:483.8,StrandBias:-0.6,Multiplicity:1.00
0.001	0.910	0.038	0.051
0.001	0.037	0.961	0.001
0.001	0.058	0.263	0.678
0.001	0.001	0.905	0.093
0.001	0.001	0.001	0.997
0.142	0.856	0.001	0.001
0.001	0.034	0.001	0.964
0.001	0.056	0.041	0.902
0.001	0.001	0.997	0.001
0.001	0.090	0.908	0.001
>TCTAGTAATT	6-TCTAGTAATT	9.552210	-19.039600	0	T:18.0(17.82%),B:1501.2(3.27%),P:1e-8	Tpos:844.9,Tstd:493.5,Bpos:705.5,Bstd:409.4,StrandBias:0.5,Multiplicity:1.06
0.001	0.001	0.001	0.997
0.001	0.808	0.190	0.001
0.213	0.001	0.001	0.785
0.904	0.001	0.001	0.094
0.001	0.001	0.997	0.001
0.326	0.001	0.001	0.672
0.905	0.001	0.001	0.093
0.827	0.001	0.001	0.171
0.001	0.001	0.195	0.803
0.248	0.001	0.001	0.750
>GGTCCGTGCG	7-GGTCCGTGCG	10.266184	-18.098505	0	T:18.0(17.82%),B:1597.4(3.48%),P:1e-7	Tpos:1114.1,Tstd:397.9,Bpos:1180.6,Bstd:532.8,StrandBias:0.2,Multiplicity:1.06
0.123	0.001	0.875	0.001
0.001	0.001	0.997	0.001
0.001	0.106	0.096	0.797
0.001	0.997	0.001	0.001
0.001	0.937	0.061	0.001
0.001	0.081	0.917	0.001
0.056	0.031	0.076	0.837
0.001	0.001	0.997	0.001
0.001	0.766	0.232	0.001
0.001	0.072	0.926	0.001
>HCCCGCACTK	8-HCCCGCACTK	7.851077	-17.085921	0	T:15.0(14.85%),B:1146.6(2.50%),P:1e-7	Tpos:1302.8,Tstd:279.8,Bpos:1098.3,Bstd:532.8,StrandBias:-0.2,Multiplicity:1.00
0.303	0.267	0.145	0.285
0.157	0.659	0.092	0.092
0.231	0.445	0.293	0.031
0.043	0.879	0.030	0.048
0.070	0.039	0.856	0.035
0.172	0.581	0.222	0.025
0.686	0.037	0.023	0.254
0.252	0.700	0.038	0.010
0.220	0.180	0.035	0.565
0.009	0.201	0.353	0.437
>TCCCCGTTGG	9-TCCCCGTTGG	9.761636	-16.863750	0	T:15.0(14.85%),B:1166.9(2.54%),P:1e-7	Tpos:1020.6,Tstd:452.1,Bpos:1047.3,Bstd:533.0,StrandBias:0.3,Multiplicity:1.20
0.001	0.077	0.001	0.921
0.001	0.997	0.001	0.001
0.001	0.903	0.095	0.001
0.001	0.997	0.001	0.001
0.001	0.953	0.045	0.001
0.280	0.001	0.694	0.025
0.077	0.058	0.035	0.830
0.056	0.001	0.027	0.916
0.100	0.001	0.898	0.001
0.001	0.059	0.939	0.001
>CTTGTTCCTT	10-CTTGTTCCTT	10.132136	-16.182329	0	T:18.0(17.82%),B:1816.4(3.95%),P:1e-7	Tpos:715.8,Tstd:413.9,Bpos:852.7,Bstd:499.6,StrandBias:-0.8,Multiplicity:1.06
0.001	0.943	0.001	0.055
0.001	0.001	0.001	0.997
0.133	0.001	0.001	0.865
0.001	0.112	0.886	0.001
0.001	0.067	0.001	0.931
0.001	0.001	0.001	0.997
0.142	0.856	0.001	0.001
0.001	0.997	0.001	0.001
0.001	0.070	0.001	0.928
0.001	0.001	0.222	0.776
>CTKGTAACCG	11-CTKGTAACCG	8.581040	-15.925765	0	T:18.0(17.82%),B:1848.8(4.02%),P:1e-6	Tpos:1024.0,Tstd:471.1,Bpos:997.7,Bstd:539.2,StrandBias:0.4,Multiplicity:1.17
0.001	0.812	0.186	0.001
0.001	0.001	0.001	0.997
0.001	0.001	0.425	0.573
0.001	0.066	0.781	0.152
0.001	0.001	0.036	0.962
0.589	0.178	0.232	0.001
0.714	0.072	0.081	0.133
0.001	0.658	0.211	0.130
0.001	0.997	0.001	0.001
0.079	0.073	0.847	0.001
>GAGGACTCTT	12-GAGGACTCTT	7.398109	-14.400241	0	T:20.0(19.80%),B:2518.5(5.48%),P:1e-6	Tpos:1003.3,Tstd:468.0,Bpos:868.4,Bstd:518.2,StrandBias:0.2,Multiplicity:1.30
0.052	0.028	0.761	0.159
0.707	0.034	0.049	0.210
0.190	0.188	0.586	0.036
0.048	0.040	0.777	0.135
0.527	0.141	0.168	0.164
0.221	0.571	0.161	0.047
0.206	0.188	0.038	0.568
0.113	0.571	0.145	0.171
0.035	0.208	0.046	0.711
0.027	0.035	0.208	0.730
>GGGGTGTCAC	13-GGGGTGTCAC	8.379631	-13.605322	0	T:30.0(29.70%),B:5431.5(11.82%),P:1e-5	Tpos:891.0,Tstd:471.1,Bpos:937.5,Bstd:521.1,StrandBias:-0.1,Multiplicity:1.57
0.140	0.002	0.663	0.195
0.056	0.001	0.818	0.125
0.029	0.045	0.925	0.001
0.120	0.073	0.805	0.002
0.164	0.001	0.106	0.729
0.001	0.001	0.997	0.001
0.184	0.043	0.019	0.754
0.064	0.639	0.296	0.001
0.753	0.153	0.031	0.063
0.042	0.929	0.001	0.028
>CMGGATCTGW	14-CMGGATCTGW	8.738396	-13.165719	0	T:21.0(20.79%),B:2984.1(6.49%),P:1e-5	Tpos:933.3,Tstd:485.0,Bpos:954.0,Bstd:529.9,StrandBias:0.5,Multiplicity:1.05
0.001	0.594	0.404	0.001
0.444	0.509	0.001	0.046
0.001	0.001	0.615	0.383
0.345	0.124	0.530	0.001
0.772	0.001	0.226	0.001
0.001	0.060	0.346	0.593
0.001	0.932	0.066	0.001
0.001	0.001	0.001	0.997
0.001	0.332	0.610	0.057
0.490	0.001	0.046	0.463
>WTTTSGAGTC	15-WTTTSGAGTC	8.116904	-12.998199	0	T:19.0(18.81%),B:2510.2(5.46%),P:1e-5	Tpos:801.0,Tstd:461.8,Bpos:820.0,Bstd:482.4,StrandBias:0.3,Multiplicity:1.16
0.456	0.001	0.001	0.542
0.001	0.001	0.001	0.997
0.001	0.001	0.001	0.997
0.001	0.001	0.001	0.997
0.001	0.560	0.438	0.001
0.137	0.320	0.542	0.001
0.997	0.001	0.001	0.001
0.001	0.093	0.905	0.001
0.001	0.001	0.001	0.997
0.001	0.997	0.001	0.001
>CCATCAAGGC	16-CCATCAAGGC	9.893687	-11.922199	0	T:14.0(13.86%),B:1519.7(3.31%),P:1e-5	Tpos:725.1,Tstd:509.2,Bpos:981.1,Bstd:518.8,StrandBias:0.2,Multiplicity:1.21
0.001	0.910	0.001	0.088
0.001	0.934	0.001	0.064
0.910	0.047	0.001	0.042
0.001	0.001	0.001	0.997
0.001	0.824	0.063	0.112
0.869	0.031	0.001	0.099
0.813	0.092	0.043	0.052
0.082	0.001	0.916	0.001
0.001	0.001	0.997	0.001
0.056	0.892	0.051	0.001
>ACTTCCTGGA	17-ACTTCCTGGA	9.610478	-11.736482	0	T:21.0(20.79%),B:3273.7(7.12%),P:1e-5	Tpos:856.5,Tstd:440.9,Bpos:890.4,Bstd:534.0,StrandBias:-0.6,Multiplicity:1.10
0.709	0.185	0.001	0.105
0.001	0.933	0.001	0.065
0.001	0.001	0.001	0.997
0.001	0.074	0.001	0.924
0.152	0.657	0.117	0.074
0.001	0.997	0.001	0.001
0.001	0.001	0.021	0.977
0.120	0.001	0.878	0.001
0.001	0.001	0.997	0.001
0.897	0.051	0.051	0.001
