>GGGCCAGATA	1-GGGCCAGATA	8.656592	-23.716470	0	T:47.0(20.35%),B:2113.2(7.02%),P:1e-10	Tpos:826.9,Tstd:442.8,Bpos:919.9,Bstd:493.8,StrandBias:-0.3,Multiplicity:1.11
0.128	0.001	0.675	0.196
0.124	0.001	0.807	0.068
0.163	0.001	0.835	0.001
0.001	0.997	0.001	0.001
0.001	0.901	0.001	0.097
0.744	0.254	0.001	0.001
0.153	0.001	0.768	0.078
0.922	0.001	0.001	0.076
0.195	0.001	0.094	0.710
0.669	0.072	0.128	0.131
>ASGCAGAGWA	2-ASGCAGAGWA	9.507525	-22.178705	0	T:32.0(13.85%),B:1112.3(3.69%),P:1e-9	Tpos:850.7,Tstd:393.4,Bpos:829.5,Bstd:495.8,StrandBias:0.0,Multiplicity:1.00
0.905	0.001	0.001	0.093
0.001	0.378	0.387	0.234
0.063	0.139	0.797	0.001
0.073	0.559	0.001	0.367
0.729	0.001	0.001	0.269
0.001	0.053	0.891	0.055
0.852	0.001	0.104	0.043
0.001	0.090	0.547	0.362
0.473	0.015	0.001	0.511
0.896	0.102	0.001	0.001
>CTCCGGAACT	3-CTCCGGAACT	7.476681	-21.858874	0	T:50.0(21.65%),B:2482.6(8.24%),P:1e-9	Tpos:1144.6,Tstd:506.6,Bpos:1115.0,Bstd:487.0,StrandBias:0.2,Multiplicity:1.14
0.319	0.471	0.017	0.194
0.084	0.190	0.046	0.680
0.001	0.534	0.233	0.232
0.266	0.698	0.009	0.027
0.228	0.237	0.500	0.035
0.008	0.051	0.906	0.035
0.888	0.052	0.027	0.033
0.433	0.153	0.236	0.178
0.042	0.556	0.349	0.053
0.020	0.165	0.251	0.564
>TTCTTAGGGA	4-TTCTTAGGGA	9.501108	-21.341793	0	T:34.0(14.72%),B:1288.1(4.28%),P:1e-9	Tpos:781.5,Tstd:441.7,Bpos:834.3,Bstd:472.8,StrandBias:0.1,Multiplicity:1.03
0.036	0.250	0.033	0.681
0.034	0.042	0.001	0.923
0.044	0.954	0.001	0.001
0.036	0.001	0.001	0.962
0.001	0.001	0.001	0.997
0.753	0.040	0.175	0.032
0.001	0.076	0.900	0.023
0.043	0.001	0.955	0.001
0.001	0.001	0.970	0.028
0.944	0.029	0.026	0.001
>ATGTAGGCTG	5-ATGTAGGCTG	7.948183	-21.233867	0	T:36.0(15.58%),B:1435.8(4.77%),P:1e-9	Tpos:905.5,Tstd:458.5,Bpos:845.4,Bstd:501.6,StrandBias:-0.2,Multiplicity:1.08
0.643	0.175	0.023	0.159
0.188	0.064	0.112	0.636
0.056	0.176	0.591	0.177
0.037	0.001	0.137	0.825
0.910	0.017	0.008	0.065
0.015	0.211	0.584	0.190
0.156	0.010	0.744	0.090
0.158	0.562	0.095	0.185
0.065	0.022	0.181	0.732
0.054	0.080	0.849	0.017
>TGAGTTTAGC	6-TGAGTTTAGC	9.692273	-20.379392	0	T:28.0(12.12%),B:933.3(3.10%),P:1e-8	Tpos:783.2,Tstd:405.4,Bpos:787.2,Bstd:483.6,StrandBias:0.0,Multiplicity:1.07
0.001	0.001	0.001	0.997
0.056	0.036	0.907	0.001
0.842	0.078	0.038	0.042
0.001	0.030	0.868	0.101
0.036	0.045	0.039	0.880
0.001	0.001	0.001	0.997
0.047	0.075	0.001	0.877
0.872	0.001	0.001	0.126
0.001	0.001	0.997	0.001
0.118	0.880	0.001	0.001
>TCTACTTATA	7-TCTACTTATA	7.982720	-18.983029	0	T:44.0(19.05%),B:2199.9(7.30%),P:1e-8	Tpos:629.7,Tstd:432.9,Bpos:697.2,Bstd:423.6,StrandBias:0.3,Multiplicity:1.07
0.001	0.055	0.001	0.943
0.173	0.770	0.001	0.056
0.052	0.001	0.001	0.946
0.932	0.001	0.035	0.032
0.001	0.946	0.052	0.001
0.039	0.001	0.001	0.959
0.045	0.138	0.053	0.764
0.934	0.001	0.047	0.018
0.034	0.001	0.031	0.934
0.968	0.001	0.001	0.030
>CAAGTCAACT	8-CAAGTCAACT	9.468912	-18.594992	0	T:29.0(12.55%),B:1083.7(3.60%),P:1e-8	Tpos:1030.0,Tstd:438.0,Bpos:827.2,Bstd:474.6,StrandBias:-0.5,Multiplicity:1.07
0.001	0.870	0.001	0.128
0.997	0.001	0.001	0.001
0.913	0.001	0.037	0.049
0.041	0.037	0.871	0.051
0.036	0.039	0.026	0.899
0.047	0.912	0.001	0.040
0.961	0.001	0.001	0.037
0.786	0.134	0.079	0.001
0.029	0.969	0.001	0.001
0.001	0.001	0.001	0.997
>TTCGACTWWC	9-TTCGACTWWC	8.595724	-16.765463	0	T:21.0(9.09%),B:648.4(2.15%),P:1e-7	Tpos:993.8,Tstd:422.9,Bpos:864.2,Bstd:502.7,StrandBias:1.1,Multiplicity:1.05
0.001	0.001	0.001	0.997
0.003	0.284	0.048	0.665
0.106	0.892	0.001	0.001
0.027	0.032	0.777	0.164
0.711	0.053	0.171	0.065
0.068	0.930	0.001	0.001
0.002	0.110	0.001	0.887
0.481	0.047	0.066	0.406
0.458	0.061	0.001	0.481
0.098	0.694	0.061	0.147
>CCCGGACGGC	10-CCCGGACGGC	9.598808	-16.629414	0	T:33.0(14.29%),B:1487.8(4.94%),P:1e-7	Tpos:1332.5,Tstd:365.2,Bpos:1284.0,Bstd:443.0,StrandBias:0.0,Multiplicity:1.09
0.001	0.916	0.044	0.039
0.055	0.900	0.001	0.044
0.038	0.922	0.001	0.039
0.001	0.001	0.997	0.001
0.001	0.001	0.997	0.001
0.841	0.113	0.001	0.045
0.022	0.859	0.083	0.036
0.001	0.016	0.918	0.065
0.060	0.191	0.705	0.044
0.001	0.966	0.032	0.001
>TCAGTCGTTG	11-TCAGTCGTTG	7.804200	-16.420948	0	T:67.0(29.00%),B:4565.5(15.16%),P:1e-7	Tpos:900.6,Tstd:511.4,Bpos:856.1,Bstd:492.2,StrandBias:-0.4,Multiplicity:1.16
0.038	0.190	0.083	0.689
0.001	0.709	0.196	0.094
0.997	0.001	0.001	0.001
0.001	0.052	0.937	0.010
0.264	0.001	0.001	0.734
0.135	0.743	0.119	0.003
0.352	0.057	0.590	0.001
0.072	0.149	0.001	0.778
0.001	0.001	0.069	0.929
0.001	0.110	0.718	0.171
>ACCATTAGCT	12-ACCATTAGCT	8.784804	-15.959219	0	T:29.0(12.55%),B:1229.0(4.08%),P:1e-6	Tpos:775.3,Tstd:469.0,Bpos:809.6,Bstd:480.8,StrandBias:-0.7,Multiplicity:1.07
0.842	0.143	0.014	0.001
0.042	0.814	0.143	0.001
0.001	0.997	0.001	0.001
0.913	0.039	0.001	0.047
0.109	0.001	0.051	0.839
0.001	0.001	0.112	0.886
0.997	0.001	0.001	0.001
0.095	0.122	0.738	0.045
0.001	0.860	0.074	0.065
0.001	0.059	0.001	0.939
>GTTCATTCTT	13-GTTCATTCTT	7.821957	-15.722617	0	T:83.0(35.93%),B:6327.1(21.01%),P:1e-6	Tpos:726.5,Tstd:422.0,Bpos:761.6,Bstd:461.5,StrandBias:0.3,Multiplicity:1.39
0.001	0.001	0.728	0.270
0.119	0.203	0.019	0.659
0.001	0.196	0.060	0.743
0.251	0.650	0.098	0.001
0.997	0.001	0.001	0.001
0.156	0.100	0.001	0.743
0.123	0.001	0.145	0.731
0.131	0.855	0.001	0.013
0.341	0.126	0.001	0.532
0.001	0.053	0.001	0.945
>ATCTTGGCGA	14-ATCTTGGCGA	8.861084	-15.393466	0	T:37.0(16.02%),B:1895.2(6.29%),P:1e-6	Tpos:833.3,Tstd:562.2,Bpos:866.0,Bstd:490.4,StrandBias:-0.1,Multiplicity:1.16
0.997	0.001	0.001	0.001
0.001	0.001	0.029	0.969
0.001	0.707	0.001	0.291
0.102	0.001	0.001	0.896
0.151	0.001	0.001	0.847
0.001	0.001	0.774	0.224
0.001	0.001	0.997	0.001
0.153	0.656	0.143	0.048
0.146	0.001	0.852	0.001
0.673	0.188	0.001	0.138
>TCTCCTACAT	15-TCTCCTACAT	8.510011	-15.390650	0	T:42.0(18.18%),B:2320.8(7.71%),P:1e-6	Tpos:700.8,Tstd:518.4,Bpos:793.0,Bstd:479.4,StrandBias:-0.3,Multiplicity:1.12
0.209	0.001	0.256	0.534
0.001	0.878	0.120	0.001
0.202	0.110	0.117	0.571
0.001	0.841	0.050	0.108
0.105	0.729	0.001	0.165
0.073	0.001	0.001	0.925
0.943	0.001	0.001	0.055
0.003	0.816	0.122	0.059
0.921	0.001	0.001	0.077
0.056	0.058	0.044	0.842
>GCAGTACACC	16-GCAGTACACC	9.029881	-15.025990	0	T:21.0(9.09%),B:722.9(2.40%),P:1e-6	Tpos:895.0,Tstd:316.5,Bpos:850.0,Bstd:497.4,StrandBias:0.7,Multiplicity:1.24
0.155	0.179	0.665	0.001
0.052	0.946	0.001	0.001
0.952	0.001	0.001	0.046
0.001	0.001	0.997	0.001
0.001	0.069	0.014	0.916
0.952	0.001	0.001	0.046
0.043	0.843	0.041	0.073
0.950	0.001	0.001	0.048
0.060	0.848	0.039	0.053
0.032	0.966	0.001	0.001
>TCATGGGACT	17-TCATGGGACT	9.224091	-14.844728	0	T:30.0(12.99%),B:1374.7(4.56%),P:1e-6	Tpos:1026.5,Tstd:460.1,Bpos:876.4,Bstd:491.3,StrandBias:-0.9,Multiplicity:1.03
0.033	0.001	0.041	0.925
0.001	0.958	0.001	0.040
0.875	0.001	0.060	0.064
0.137	0.037	0.022	0.804
0.049	0.001	0.897	0.053
0.001	0.001	0.973	0.025
0.038	0.047	0.914	0.001
0.884	0.045	0.037	0.034
0.034	0.926	0.001	0.039
0.089	0.042	0.001	0.868
>TGAGATAGCC	18-TGAGATAGCC	8.341609	-14.641797	0	T:27.0(11.69%),B:1160.7(3.85%),P:1e-6	Tpos:739.7,Tstd:482.6,Bpos:800.5,Bstd:498.3,StrandBias:0.9,Multiplicity:1.15
0.200	0.037	0.232	0.531
0.022	0.050	0.550	0.378
0.760	0.028	0.088	0.124
0.261	0.077	0.586	0.076
0.596	0.121	0.001	0.282
0.106	0.042	0.032	0.820
0.679	0.278	0.042	0.001
0.061	0.036	0.858	0.045
0.033	0.862	0.012	0.093
0.001	0.644	0.046	0.309
>AACCAGAGTG	19-AACCAGAGTG	9.062431	-14.403185	0	T:28.0(12.12%),B:1250.1(4.15%),P:1e-6	Tpos:1009.5,Tstd:468.1,Bpos:924.6,Bstd:513.4,StrandBias:-0.2,Multiplicity:1.07
0.894	0.001	0.001	0.104
0.948	0.050	0.001	0.001
0.001	0.856	0.142	0.001
0.001	0.997	0.001	0.001
0.847	0.001	0.151	0.001
0.001	0.001	0.963	0.035
0.792	0.128	0.001	0.079
0.074	0.001	0.805	0.120
0.001	0.088	0.024	0.887
0.001	0.001	0.997	0.001
>AGACCCAGCA	20-AGACCCAGCA	10.467444	-14.225021	0	T:19.0(8.23%),B:630.2(2.09%),P:1e-6	Tpos:944.1,Tstd:478.9,Bpos:930.3,Bstd:503.3,StrandBias:0.0,Multiplicity:1.05
0.997	0.001	0.001	0.001
0.001	0.001	0.947	0.051
0.897	0.001	0.101	0.001
0.001	0.997	0.001	0.001
0.001	0.997	0.001	0.001
0.001	0.894	0.104	0.001
0.936	0.001	0.062	0.001
0.001	0.001	0.997	0.001
0.001	0.889	0.001	0.109
0.997	0.001	0.001	0.001
>GAATTTAAAA	21-GAATTTAAAA	9.134104	-13.336571	0	T:53.0(22.94%),B:3549.6(11.79%),P:1e-5	Tpos:694.4,Tstd:466.0,Bpos:707.2,Bstd:436.1,StrandBias:0.4,Multiplicity:1.15
0.055	0.001	0.860	0.084
0.902	0.096	0.001	0.001
0.912	0.001	0.086	0.001
0.107	0.001	0.048	0.844
0.001	0.001	0.001	0.997
0.070	0.024	0.001	0.905
0.842	0.001	0.001	0.156
0.972	0.001	0.001	0.026
0.997	0.001	0.001	0.001
0.758	0.001	0.061	0.180
>AGTCCCCTAT	22-AGTCCCCTAT	10.674521	-12.268970	0	T:13.0(5.63%),B:349.2(1.16%),P:1e-5	Tpos:867.9,Tstd:205.6,Bpos:835.7,Bstd:439.9,StrandBias:2.6,Multiplicity:1.62
0.997	0.001	0.001	0.001
0.411	0.001	0.587	0.001
0.001	0.124	0.001	0.874
0.001	0.997	0.001	0.001
0.001	0.997	0.001	0.001
0.001	0.997	0.001	0.001
0.001	0.660	0.001	0.338
0.001	0.001	0.001	0.997
0.874	0.001	0.001	0.124
0.001	0.001	0.001	0.997
>AAGGCGCAGC	23-AAGGCGCAGC	9.175817	-12.061774	0	T:34.0(14.72%),B:1922.3(6.38%),P:1e-5	Tpos:1215.3,Tstd:388.9,Bpos:1102.9,Bstd:501.0,StrandBias:0.5,Multiplicity:1.15
0.990	0.008	0.001	0.001
0.859	0.037	0.048	0.056
0.032	0.001	0.966	0.001
0.041	0.053	0.852	0.054
0.001	0.751	0.225	0.023
0.014	0.009	0.902	0.075
0.045	0.953	0.001	0.001
0.946	0.001	0.025	0.028
0.068	0.001	0.930	0.001
0.033	0.877	0.089	0.001
>TATTTATTCT	24-TATTTATTCT	9.105922	-7.688663	0	T:35.0(15.15%),B:2508.3(8.33%),P:1e-3	Tpos:696.4,Tstd:430.4,Bpos:730.0,Bstd:465.1,StrandBias:0.8,Multiplicity:1.26
0.046	0.001	0.091	0.862
0.997	0.001	0.001	0.001
0.002	0.083	0.088	0.827
0.002	0.109	0.008	0.881
0.001	0.036	0.037	0.926
0.704	0.028	0.228	0.040
0.272	0.003	0.016	0.709
0.006	0.067	0.091	0.836
0.001	0.997	0.001	0.001
0.001	0.063	0.011	0.925
>GAKTCCCTTACC	1-GAKTCCCTTACC	12.000210	-29.039289	0	T:12.0(5.19%),B:59.9(0.20%),P:1e-12	Tpos:645.2,Tstd:438.5,Bpos:997.6,Bstd:455.4,StrandBias:-1.0,Multiplicity:1.00
0.125	0.001	0.873	0.001
0.909	0.089	0.001	0.001
0.001	0.012	0.436	0.551
0.001	0.089	0.001	0.909
0.001	0.797	0.105	0.097
0.001	0.873	0.125	0.001
0.001	0.936	0.001	0.062
0.125	0.001	0.001	0.873
0.001	0.173	0.248	0.578
0.923	0.001	0.001	0.075
0.001	0.742	0.065	0.192
0.001	0.977	0.001	0.021
>ATGGTGTCAACT	2-ATGGTGTCAACT	14.328218	-26.142246	0	T:7.0(3.03%),B:7.7(0.03%),P:1e-11	Tpos:605.4,Tstd:388.5,Bpos:833.2,Bstd:542.1,StrandBias:0.4,Multiplicity:1.00
0.997	0.001	0.001	0.001
0.001	0.001	0.001	0.997
0.001	0.001	0.997	0.001
0.154	0.154	0.691	0.001
0.001	0.179	0.154	0.666
0.001	0.001	0.997	0.001
0.001	0.001	0.001	0.997
0.001	0.997	0.001	0.001
0.997	0.001	0.001	0.001
0.997	0.001	0.001	0.001
0.001	0.997	0.001	0.001
0.001	0.001	0.001	0.997
>AAGAGTGAACAC	3-AAGAGTGAACAC	13.231669	-25.412018	0	T:11.0(4.76%),B:62.5(0.21%),P:1e-11	Tpos:518.6,Tstd:388.1,Bpos:820.2,Bstd:470.0,StrandBias:0.8,Multiplicity:1.00
0.855	0.001	0.143	0.001
0.997	0.001	0.001	0.001
0.001	0.086	0.912	0.001
0.892	0.001	0.001	0.106
0.097	0.144	0.758	0.001
0.001	0.001	0.001	0.997
0.001	0.001	0.997	0.001
0.855	0.001	0.001	0.143
0.997	0.001	0.001	0.001
0.083	0.915	0.001	0.001
0.997	0.001	0.001	0.001
0.096	0.902	0.001	0.001
>AATTCGACTTTA	4-AATTCGACTTTA	15.212179	-24.433750	0	T:5.0(2.16%),B:0.0(0.00%),P:1e-10	Tpos:914.6,Tstd:386.8,Bpos:0.0,Bstd:0.0,StrandBias:10.0,Multiplicity:1.00
0.997	0.001	0.001	0.001
0.997	0.001	0.001	0.001
0.001	0.001	0.001	0.997
0.001	0.001	0.001	0.997
0.001	0.997	0.001	0.001
0.001	0.001	0.997	0.001
0.997	0.001	0.001	0.001
0.001	0.997	0.001	0.001
0.001	0.001	0.001	0.997
0.001	0.249	0.001	0.749
0.001	0.001	0.001	0.997
0.997	0.001	0.001	0.001
>CCGGGGTTGCTA	5-CCGGGGTTGCTA	13.590397	-24.327933	0	T:8.0(3.46%),B:20.3(0.07%),P:1e-10	Tpos:1447.4,Tstd:189.7,Bpos:1163.7,Bstd:477.2,StrandBias:0.0,Multiplicity:1.00
0.001	0.997	0.001	0.001
0.109	0.889	0.001	0.001
0.001	0.001	0.997	0.001
0.001	0.133	0.865	0.001
0.001	0.001	0.997	0.001
0.001	0.001	0.827	0.171
0.147	0.001	0.001	0.851
0.001	0.001	0.001	0.997
0.001	0.001	0.997	0.001
0.001	0.827	0.171	0.001
0.001	0.115	0.001	0.883
0.997	0.001	0.001	0.001
>SCAGAAATCAGA	6-SCAGAAATCAGA	11.019132	-23.498277	0	T:24.0(10.39%),B:586.7(1.95%),P:1e-10	Tpos:956.7,Tstd:487.7,Bpos:811.6,Bstd:476.8,StrandBias:-1.2,Multiplicity:1.08
0.048	0.484	0.426	0.042
0.050	0.857	0.043	0.050
0.843	0.074	0.001	0.082
0.001	0.001	0.997	0.001
0.944	0.001	0.054	0.001
0.903	0.058	0.038	0.001
0.651	0.001	0.347	0.001
0.033	0.001	0.036	0.930
0.097	0.901	0.001	0.001
0.811	0.062	0.074	0.053
0.001	0.001	0.947	0.051
0.953	0.001	0.045	0.001
>AAAAGGGGACTA	7-AAAAGGGGACTA	13.123051	-23.483677	0	T:9.0(3.90%),B:37.8(0.13%),P:1e-10	Tpos:820.3,Tstd:146.7,Bpos:764.2,Bstd:393.5,StrandBias:-2.2,Multiplicity:1.22
0.785	0.103	0.111	0.001
0.997	0.001	0.001	0.001
0.765	0.091	0.001	0.143
0.856	0.142	0.001	0.001
0.001	0.001	0.997	0.001
0.001	0.001	0.997	0.001
0.001	0.001	0.997	0.001
0.001	0.142	0.856	0.001
0.997	0.001	0.001	0.001
0.076	0.922	0.001	0.001
0.001	0.001	0.001	0.997
0.908	0.090	0.001	0.001
>GAAGGAACCAGC	8-GAAGGAACCAGC	13.280441	-22.374418	0	T:13.0(5.63%),B:140.5(0.47%),P:1e-9	Tpos:1089.2,Tstd:542.4,Bpos:1046.3,Bstd:529.6,StrandBias:-0.7,Multiplicity:1.00
0.113	0.188	0.698	0.001
0.997	0.001	0.001	0.001
0.866	0.001	0.001	0.132
0.001	0.001	0.997	0.001
0.001	0.001	0.997	0.001
0.997	0.001	0.001	0.001
0.800	0.113	0.086	0.001
0.001	0.997	0.001	0.001
0.001	0.997	0.001	0.001
0.899	0.099	0.001	0.001
0.001	0.001	0.997	0.001
0.122	0.795	0.082	0.001
>GACCATCCGCAC	9-GACCATCCGCAC	13.709769	-21.593400	0	T:7.0(3.03%),B:17.1(0.06%),P:1e-9	Tpos:1411.3,Tstd:185.2,Bpos:1171.3,Bstd:369.2,StrandBias:-1.3,Multiplicity:1.00
0.145	0.001	0.853	0.001
0.877	0.001	0.121	0.001
0.121	0.877	0.001	0.001
0.001	0.997	0.001	0.001
0.853	0.145	0.001	0.001
0.001	0.001	0.169	0.829
0.001	0.997	0.001	0.001
0.001	0.997	0.001	0.001
0.001	0.001	0.853	0.145
0.001	0.997	0.001	0.001
0.997	0.001	0.001	0.001
0.001	0.997	0.001	0.001
>TCAGGACGTAGG	10-TCAGGACGTAGG	13.412304	-21.414527	0	T:8.0(3.46%),B:31.7(0.11%),P:1e-9	Tpos:1393.4,Tstd:255.8,Bpos:907.5,Bstd:527.2,StrandBias:0.0,Multiplicity:1.00
0.001	0.001	0.001	0.997
0.001	0.835	0.163	0.001
0.997	0.001	0.001	0.001
0.001	0.001	0.997	0.001
0.001	0.001	0.997	0.001
0.997	0.001	0.001	0.001
0.276	0.617	0.001	0.106
0.001	0.001	0.900	0.098
0.001	0.001	0.001	0.997
0.997	0.001	0.001	0.001
0.001	0.001	0.997	0.001
0.190	0.001	0.808	0.001
>AAAGATGACGCT	11-AAAGATGACGCT	14.871845	-21.401679	0	T:5.0(2.16%),B:2.8(0.01%),P:1e-9	Tpos:1335.6,Tstd:403.7,Bpos:1119.0,Bstd:536.5,StrandBias:2.0,Multiplicity:1.00
0.997	0.001	0.001	0.001
0.997	0.001	0.001	0.001
0.997	0.001	0.001	0.001
0.001	0.001	0.997	0.001
0.997	0.001	0.001	0.001
0.230	0.001	0.001	0.768
0.001	0.001	0.997	0.001
0.768	0.230	0.001	0.001
0.001	0.997	0.001	0.001
0.001	0.001	0.997	0.001
0.001	0.997	0.001	0.001
0.001	0.001	0.001	0.997
>GGGCCTGGTAGT	12-GGGCCTGGTAGT	13.389162	-21.197927	0	T:8.0(3.46%),B:32.5(0.11%),P:1e-9	Tpos:820.5,Tstd:362.4,Bpos:1141.4,Bstd:352.3,StrandBias:0.6,Multiplicity:1.25
0.001	0.001	0.861	0.137
0.001	0.001	0.997	0.001
0.001	0.001	0.997	0.001
0.001	0.901	0.097	0.001
0.137	0.861	0.001	0.001
0.001	0.001	0.107	0.891
0.001	0.137	0.861	0.001
0.001	0.001	0.997	0.001
0.092	0.001	0.001	0.906
0.838	0.001	0.001	0.160
0.001	0.001	0.997	0.001
0.001	0.001	0.001	0.997
>GAAGGCGCAGCG	13-GAAGGCGCAGCG	9.938382	-21.191552	0	T:35.0(15.15%),B:1366.9(4.54%),P:1e-9	Tpos:1474.5,Tstd:202.3,Bpos:1283.0,Bstd:403.1,StrandBias:0.0,Multiplicity:1.03
0.056	0.123	0.783	0.038
0.812	0.126	0.061	0.001
0.799	0.040	0.077	0.084
0.063	0.001	0.935	0.001
0.078	0.033	0.770	0.119
0.092	0.759	0.096	0.053
0.044	0.020	0.877	0.059
0.053	0.914	0.032	0.001
0.774	0.066	0.073	0.087
0.001	0.001	0.997	0.001
0.072	0.793	0.134	0.001
0.088	0.055	0.793	0.064
>TCTTWGACCTAM	14-TCTTWGACCTAM	14.303301	-18.914469	0	T:7.0(3.03%),B:27.8(0.09%),P:1e-8	Tpos:1216.0,Tstd:401.4,Bpos:690.3,Bstd:364.7,StrandBias:1.3,Multiplicity:1.00
0.001	0.001	0.001	0.997
0.001	0.997	0.001	0.001
0.001	0.001	0.001	0.997
0.001	0.001	0.001	0.997
0.489	0.001	0.001	0.509
0.001	0.001	0.605	0.393
0.997	0.001	0.001	0.001
0.001	0.997	0.001	0.001
0.001	0.997	0.001	0.001
0.001	0.001	0.001	0.997
0.997	0.001	0.001	0.001
0.519	0.479	0.001	0.001
>CTCTTTCTGTTT	15-CTCTTTCTGTTT	11.543278	-18.199640	0	T:21.0(9.09%),B:594.6(1.97%),P:1e-7	Tpos:821.6,Tstd:465.8,Bpos:794.3,Bstd:498.1,StrandBias:0.8,Multiplicity:1.05
0.246	0.621	0.001	0.132
0.001	0.010	0.001	0.988
0.001	0.943	0.001	0.055
0.001	0.001	0.001	0.997
0.001	0.241	0.001	0.757
0.001	0.272	0.132	0.595
0.001	0.739	0.144	0.116
0.016	0.001	0.160	0.823
0.001	0.055	0.943	0.001
0.001	0.081	0.001	0.917
0.160	0.112	0.001	0.727
0.001	0.001	0.001	0.997
>GGCGGAAGTTTC	16-GGCGGAAGTTTC	10.568533	-17.698639	0	T:19.0(8.23%),B:499.5(1.66%),P:1e-7	Tpos:1158.5,Tstd:404.8,Bpos:1061.3,Bstd:492.1,StrandBias:-0.6,Multiplicity:1.05
0.001	0.001	0.997	0.001
0.001	0.001	0.997	0.001
0.127	0.871	0.001	0.001
0.157	0.180	0.662	0.001
0.001	0.001	0.865	0.133
0.810	0.188	0.001	0.001
0.913	0.001	0.085	0.001
0.001	0.001	0.871	0.127
0.219	0.151	0.001	0.629
0.001	0.085	0.001	0.913
0.001	0.182	0.001	0.816
0.139	0.746	0.001	0.114
>GGCTGGCCAAGG	17-GGCTGGCCAAGG	14.366814	-17.429136	0	T:8.0(3.46%),B:55.9(0.19%),P:1e-7	Tpos:1003.9,Tstd:451.3,Bpos:994.0,Bstd:502.8,StrandBias:-0.4,Multiplicity:1.00
0.130	0.001	0.868	0.001
0.178	0.001	0.820	0.001
0.001	0.997	0.001	0.001
0.001	0.001	0.001	0.997
0.001	0.001	0.997	0.001
0.001	0.001	0.997	0.001
0.001	0.997	0.001	0.001
0.001	0.997	0.001	0.001
0.997	0.001	0.001	0.001
0.997	0.001	0.001	0.001
0.001	0.001	0.997	0.001
0.001	0.001	0.997	0.001
>TAAACGTCTCAC	18-TAAACGTCTCAC	13.650454	-17.114131	0	T:6.0(2.60%),B:20.5(0.07%),P:1e-7	Tpos:876.3,Tstd:288.2,Bpos:857.9,Bstd:373.9,StrandBias:0.4,Multiplicity:1.17
0.001	0.001	0.001	0.997
0.997	0.001	0.001	0.001
0.997	0.001	0.001	0.001
0.997	0.001	0.001	0.001
0.161	0.660	0.178	0.001
0.001	0.114	0.884	0.001
0.001	0.001	0.001	0.997
0.001	0.997	0.001	0.001
0.001	0.177	0.001	0.821
0.001	0.997	0.001	0.001
0.997	0.001	0.001	0.001
0.160	0.838	0.001	0.001
>ACAGTCTACTGC	19-ACAGTCTACTGC	10.114607	-15.913443	0	T:17.0(7.36%),B:448.8(1.49%),P:1e-6	Tpos:1019.4,Tstd:390.9,Bpos:920.6,Bstd:491.1,StrandBias:-0.5,Multiplicity:1.12
0.974	0.024	0.001	0.001
0.112	0.844	0.043	0.001
0.790	0.001	0.114	0.095
0.001	0.051	0.887	0.061
0.051	0.118	0.001	0.830
0.073	0.865	0.061	0.001
0.108	0.061	0.112	0.719
0.700	0.097	0.166	0.037
0.104	0.824	0.071	0.001
0.092	0.132	0.001	0.775
0.001	0.001	0.949	0.049
0.063	0.856	0.033	0.048
>AGDACASCTSAA	20-AGDACASCTSAA	9.178435	-15.903724	0	T:38.0(16.45%),B:1939.0(6.44%),P:1e-6	Tpos:906.6,Tstd:519.5,Bpos:831.9,Bstd:485.3,StrandBias:0.8,Multiplicity:1.24
0.662	0.001	0.336	0.001
0.203	0.159	0.637	0.001
0.296	0.052	0.272	0.380
0.626	0.222	0.001	0.151
0.001	0.997	0.001	0.001
0.693	0.305	0.001	0.001
0.001	0.571	0.427	0.001
0.189	0.653	0.157	0.001
0.001	0.001	0.001	0.997
0.098	0.376	0.525	0.001
0.679	0.239	0.001	0.081
0.997	0.001	0.001	0.001
>TTCCTTTCACTG	21-TTCCTTTCACTG	15.570965	-13.381737	0	T:4.0(1.73%),B:8.7(0.03%),P:1e-5	Tpos:799.0,Tstd:475.2,Bpos:747.3,Bstd:528.3,StrandBias:-10.0,Multiplicity:1.00
0.001	0.001	0.001	0.997
0.001	0.001	0.029	0.969
0.001	0.997	0.001	0.001
0.001	0.997	0.001	0.001
0.001	0.001	0.001	0.997
0.001	0.001	0.278	0.720
0.001	0.001	0.001	0.997
0.001	0.714	0.284	0.001
0.720	0.278	0.001	0.001
0.001	0.997	0.001	0.001
0.001	0.001	0.001	0.997
0.001	0.001	0.982	0.016
>ATATATGTATAT	22-ATATATGTATAT	8.322187	-13.098669	0	T:74.0(32.03%),B:5742.5(19.07%),P:1e-5	Tpos:579.5,Tstd:374.6,Bpos:653.8,Bstd:402.4,StrandBias:0.0,Multiplicity:1.42
0.767	0.017	0.001	0.215
0.287	0.051	0.001	0.661
0.670	0.039	0.056	0.235
0.008	0.001	0.001	0.990
0.700	0.096	0.139	0.065
0.163	0.001	0.022	0.814
0.151	0.034	0.801	0.014
0.140	0.137	0.001	0.722
0.898	0.001	0.087	0.014
0.096	0.001	0.122	0.781
0.634	0.091	0.118	0.157
0.276	0.022	0.062	0.640
>TTTTTKTKGGGG	23-TTTTTKTKGGGG	10.599444	-10.945030	0	T:23.0(9.96%),B:1099.0(3.65%),P:1e-4	Tpos:813.4,Tstd:489.6,Bpos:702.3,Bstd:479.0,StrandBias:-2.2,Multiplicity:1.04
0.001	0.001	0.001	0.997
0.001	0.001	0.001	0.997
0.001	0.001	0.188	0.810
0.001	0.001	0.096	0.902
0.001	0.001	0.082	0.916
0.084	0.001	0.457	0.458
0.040	0.001	0.263	0.696
0.037	0.001	0.441	0.521
0.068	0.084	0.583	0.265
0.033	0.046	0.818	0.103
0.097	0.208	0.661	0.034
0.001	0.092	0.906	0.001
>GGAGCACAGGCT	24-GGAGCACAGGCT	10.754949	-7.991088	0	T:13.0(5.63%),B:538.8(1.79%),P:1e-3	Tpos:710.4,Tstd:548.6,Bpos:1058.8,Bstd:481.4,StrandBias:2.9,Multiplicity:2.00
0.055	0.001	0.943	0.001
0.001	0.001	0.997	0.001
0.997	0.001	0.001	0.001
0.001	0.001	0.997	0.001
0.001	0.724	0.274	0.001
0.918	0.031	0.050	0.001
0.001	0.964	0.034	0.001
0.806	0.001	0.119	0.074
0.080	0.001	0.918	0.001
0.077	0.001	0.921	0.001
0.001	0.932	0.066	0.001
0.001	0.080	0.001	0.918
>CCCCCTATGCAG	25-CCCCCTATGCAG	12.355432	-4.878101	0	T:1.0(0.43%),B:0.9(0.00%),P:1e-2	Tpos:757.0,Tstd:71.7,Bpos:1165.0,Bstd:0.0,StrandBias:10.0,Multiplicity:6.00
0.100	0.700	0.100	0.100
0.100	0.700	0.100	0.100
0.100	0.700	0.100	0.100
0.100	0.700	0.100	0.100
0.100	0.700	0.100	0.100
0.100	0.100	0.100	0.700
0.700	0.100	0.100	0.100
0.100	0.100	0.100	0.700
0.100	0.100	0.700	0.100
0.100	0.700	0.100	0.100
0.700	0.100	0.100	0.100
0.100	0.100	0.700	0.100
>CCGGTACA	1-CCGGTACA	8.562578	-11.604265	0	T:31.0(13.42%),B:1704.9(5.66%),P:1e-5	Tpos:976.0,Tstd:443.3,Bpos:927.9,Bstd:510.6,StrandBias:0.7,Multiplicity:1.10
0.001	0.997	0.001	0.001
0.001	0.997	0.001	0.001
0.258	0.001	0.740	0.001
0.001	0.001	0.997	0.001
0.001	0.001	0.001	0.997
0.997	0.001	0.001	0.001
0.185	0.701	0.001	0.113
0.592	0.001	0.001	0.406
>CATKGCTT	2-CATKGCTT	5.951759	-10.772666	0	T:68.0(29.44%),B:5463.3(18.14%),P:1e-4	Tpos:963.8,Tstd:459.4,Bpos:855.0,Bstd:502.5,StrandBias:0.6,Multiplicity:1.18
0.001	0.997	0.001	0.001
0.997	0.001	0.001	0.001
0.001	0.001	0.001	0.997
0.001	0.001	0.491	0.507
0.001	0.001	0.997	0.001
0.001	0.997	0.001	0.001
0.001	0.001	0.261	0.737
0.045	0.001	0.001	0.953
>TGATCCTC	3-TGATCCTC	8.236954	-8.629460	0	T:20.0(8.66%),B:1034.7(3.44%),P:1e-3	Tpos:917.2,Tstd:489.6,Bpos:899.5,Bstd:481.9,StrandBias:-0.4,Multiplicity:1.05
0.100	0.100	0.100	0.700
0.100	0.100	0.700	0.100
0.700	0.100	0.100	0.100
0.100	0.100	0.100	0.700
0.100	0.700	0.100	0.100
0.100	0.700	0.100	0.100
0.100	0.100	0.100	0.700
0.100	0.700	0.100	0.100
>ATATRTAW	4-ATATRTAW	7.840134	-8.294537	0	T:90.0(38.96%),B:8463.7(28.10%),P:1e-3	Tpos:618.2,Tstd:399.0,Bpos:689.5,Bstd:413.2,StrandBias:0.0,Multiplicity:1.49
0.828	0.170	0.001	0.001
0.001	0.001	0.001	0.997
0.671	0.001	0.001	0.327
0.001	0.001	0.001	0.997
0.496	0.001	0.502	0.001
0.001	0.001	0.001	0.997
0.561	0.001	0.302	0.136
0.485	0.001	0.001	0.513
>TGAGGGAT	5-TGAGGGAT	10.842422	-7.399832	0	T:19.0(8.23%),B:1055.7(3.51%),P:1e-3	Tpos:841.6,Tstd:487.2,Bpos:845.6,Bstd:483.4,StrandBias:0.4,Multiplicity:1.11
0.001	0.001	0.001	0.997
0.001	0.001	0.997	0.001
0.997	0.001	0.001	0.001
0.001	0.001	0.997	0.001
0.001	0.001	0.997	0.001
0.001	0.001	0.797	0.201
0.997	0.001	0.001	0.001
0.001	0.001	0.001	0.997
