>GGGCCAGATA	1-GGGCCAGATA	8.656592	-23.716470	0	T:47.0(20.35%),B:2113.2(7.02%),P:1e-10	Tpos:826.9,Tstd:442.8,Bpos:919.9,Bstd:493.8,StrandBias:-0.3,Multiplicity:1.11
0.128	0.001	0.675	0.196
0.124	0.001	0.807	0.068
0.163	0.001	0.835	0.001
0.001	0.997	0.001	0.001
0.001	0.901	0.001	0.097
0.744	0.254	0.001	0.001
0.153	0.001	0.768	0.078
0.922	0.001	0.001	0.076
0.195	0.001	0.094	0.710
0.669	0.072	0.128	0.131
>ASGCAGAGWA	2-ASGCAGAGWA	9.507525	-22.178705	0	T:32.0(13.85%),B:1112.3(3.69%),P:1e-9	Tpos:850.7,Tstd:393.4,Bpos:829.5,Bstd:495.8,StrandBias:0.0,Multiplicity:1.00
0.905	0.001	0.001	0.093
0.001	0.378	0.387	0.234
0.063	0.139	0.797	0.001
0.073	0.559	0.001	0.367
0.729	0.001	0.001	0.269
0.001	0.053	0.891	0.055
0.852	0.001	0.104	0.043
0.001	0.090	0.547	0.362
0.473	0.015	0.001	0.511
0.896	0.102	0.001	0.001
>CTCCGGAACT	3-CTCCGGAACT	7.476681	-21.858874	0	T:50.0(21.65%),B:2482.6(8.24%),P:1e-9	Tpos:1144.6,Tstd:506.6,Bpos:1115.0,Bstd:487.0,StrandBias:0.2,Multiplicity:1.14
0.319	0.471	0.017	0.194
0.084	0.190	0.046	0.680
0.001	0.534	0.233	0.232
0.266	0.698	0.009	0.027
0.228	0.237	0.500	0.035
0.008	0.051	0.906	0.035
0.888	0.052	0.027	0.033
0.433	0.153	0.236	0.178
0.042	0.556	0.349	0.053
0.020	0.165	0.251	0.564
>TTCTTAGGGA	4-TTCTTAGGGA	9.501108	-21.341793	0	T:34.0(14.72%),B:1288.1(4.28%),P:1e-9	Tpos:781.5,Tstd:441.7,Bpos:834.3,Bstd:472.8,StrandBias:0.1,Multiplicity:1.03
0.036	0.250	0.033	0.681
0.034	0.042	0.001	0.923
0.044	0.954	0.001	0.001
0.036	0.001	0.001	0.962
0.001	0.001	0.001	0.997
0.753	0.040	0.175	0.032
0.001	0.076	0.900	0.023
0.043	0.001	0.955	0.001
0.001	0.001	0.970	0.028
0.944	0.029	0.026	0.001
>ATGTAGGCTG	5-ATGTAGGCTG	7.948183	-21.233867	0	T:36.0(15.58%),B:1435.8(4.77%),P:1e-9	Tpos:905.5,Tstd:458.5,Bpos:845.4,Bstd:501.6,StrandBias:-0.2,Multiplicity:1.08
0.643	0.175	0.023	0.159
0.188	0.064	0.112	0.636
0.056	0.176	0.591	0.177
0.037	0.001	0.137	0.825
0.910	0.017	0.008	0.065
0.015	0.211	0.584	0.190
0.156	0.010	0.744	0.090
0.158	0.562	0.095	0.185
0.065	0.022	0.181	0.732
0.054	0.080	0.849	0.017
>TGAGTTTAGC	6-TGAGTTTAGC	9.692273	-20.379392	0	T:28.0(12.12%),B:933.3(3.10%),P:1e-8	Tpos:783.2,Tstd:405.4,Bpos:787.2,Bstd:483.6,StrandBias:0.0,Multiplicity:1.07
0.001	0.001	0.001	0.997
0.056	0.036	0.907	0.001
0.842	0.078	0.038	0.042
0.001	0.030	0.868	0.101
0.036	0.045	0.039	0.880
0.001	0.001	0.001	0.997
0.047	0.075	0.001	0.877
0.872	0.001	0.001	0.126
0.001	0.001	0.997	0.001
0.118	0.880	0.001	0.001
>TCTACTTATA	7-TCTACTTATA	7.982720	-18.983029	0	T:44.0(19.05%),B:2199.9(7.30%),P:1e-8	Tpos:629.7,Tstd:432.9,Bpos:697.2,Bstd:423.6,StrandBias:0.3,Multiplicity:1.07
0.001	0.055	0.001	0.943
0.173	0.770	0.001	0.056
0.052	0.001	0.001	0.946
0.932	0.001	0.035	0.032
0.001	0.946	0.052	0.001
0.039	0.001	0.001	0.959
0.045	0.138	0.053	0.764
0.934	0.001	0.047	0.018
0.034	0.001	0.031	0.934
0.968	0.001	0.001	0.030
>CAAGTCAACT	8-CAAGTCAACT	9.468912	-18.594992	0	T:29.0(12.55%),B:1083.7(3.60%),P:1e-8	Tpos:1030.0,Tstd:438.0,Bpos:827.2,Bstd:474.6,StrandBias:-0.5,Multiplicity:1.07
0.001	0.870	0.001	0.128
0.997	0.001	0.001	0.001
0.913	0.001	0.037	0.049
0.041	0.037	0.871	0.051
0.036	0.039	0.026	0.899
0.047	0.912	0.001	0.040
0.961	0.001	0.001	0.037
0.786	0.134	0.079	0.001
0.029	0.969	0.001	0.001
0.001	0.001	0.001	0.997
>TTCGACTWWC	9-TTCGACTWWC	8.595724	-16.765463	0	T:21.0(9.09%),B:648.4(2.15%),P:1e-7	Tpos:993.8,Tstd:422.9,Bpos:864.2,Bstd:502.7,StrandBias:1.1,Multiplicity:1.05
0.001	0.001	0.001	0.997
0.003	0.284	0.048	0.665
0.106	0.892	0.001	0.001
0.027	0.032	0.777	0.164
0.711	0.053	0.171	0.065
0.068	0.930	0.001	0.001
0.002	0.110	0.001	0.887
0.481	0.047	0.066	0.406
0.458	0.061	0.001	0.481
0.098	0.694	0.061	0.147
>CCCGGACGGC	10-CCCGGACGGC	9.598808	-16.629414	0	T:33.0(14.29%),B:1487.8(4.94%),P:1e-7	Tpos:1332.5,Tstd:365.2,Bpos:1284.0,Bstd:443.0,StrandBias:0.0,Multiplicity:1.09
0.001	0.916	0.044	0.039
0.055	0.900	0.001	0.044
0.038	0.922	0.001	0.039
0.001	0.001	0.997	0.001
0.001	0.001	0.997	0.001
0.841	0.113	0.001	0.045
0.022	0.859	0.083	0.036
0.001	0.016	0.918	0.065
0.060	0.191	0.705	0.044
0.001	0.966	0.032	0.001
>TCAGTCGTTG	11-TCAGTCGTTG	7.804200	-16.420948	0	T:67.0(29.00%),B:4565.5(15.16%),P:1e-7	Tpos:900.6,Tstd:511.4,Bpos:856.1,Bstd:492.2,StrandBias:-0.4,Multiplicity:1.16
0.038	0.190	0.083	0.689
0.001	0.709	0.196	0.094
0.997	0.001	0.001	0.001
0.001	0.052	0.937	0.010
0.264	0.001	0.001	0.734
0.135	0.743	0.119	0.003
0.352	0.057	0.590	0.001
0.072	0.149	0.001	0.778
0.001	0.001	0.069	0.929
0.001	0.110	0.718	0.171
>ACCATTAGCT	12-ACCATTAGCT	8.784804	-15.959219	0	T:29.0(12.55%),B:1229.0(4.08%),P:1e-6	Tpos:775.3,Tstd:469.0,Bpos:809.6,Bstd:480.8,StrandBias:-0.7,Multiplicity:1.07
0.842	0.143	0.014	0.001
0.042	0.814	0.143	0.001
0.001	0.997	0.001	0.001
0.913	0.039	0.001	0.047
0.109	0.001	0.051	0.839
0.001	0.001	0.112	0.886
0.997	0.001	0.001	0.001
0.095	0.122	0.738	0.045
0.001	0.860	0.074	0.065
0.001	0.059	0.001	0.939
>GTTCATTCTT	13-GTTCATTCTT	7.821957	-15.722617	0	T:83.0(35.93%),B:6327.1(21.01%),P:1e-6	Tpos:726.5,Tstd:422.0,Bpos:761.6,Bstd:461.5,StrandBias:0.3,Multiplicity:1.39
0.001	0.001	0.728	0.270
0.119	0.203	0.019	0.659
0.001	0.196	0.060	0.743
0.251	0.650	0.098	0.001
0.997	0.001	0.001	0.001
0.156	0.100	0.001	0.743
0.123	0.001	0.145	0.731
0.131	0.855	0.001	0.013
0.341	0.126	0.001	0.532
0.001	0.053	0.001	0.945
>ATCTTGGCGA	14-ATCTTGGCGA	8.861084	-15.393466	0	T:37.0(16.02%),B:1895.2(6.29%),P:1e-6	Tpos:833.3,Tstd:562.2,Bpos:866.0,Bstd:490.4,StrandBias:-0.1,Multiplicity:1.16
0.997	0.001	0.001	0.001
0.001	0.001	0.029	0.969
0.001	0.707	0.001	0.291
0.102	0.001	0.001	0.896
0.151	0.001	0.001	0.847
0.001	0.001	0.774	0.224
0.001	0.001	0.997	0.001
0.153	0.656	0.143	0.048
0.146	0.001	0.852	0.001
0.673	0.188	0.001	0.138
>TCTCCTACAT	15-TCTCCTACAT	8.510011	-15.390650	0	T:42.0(18.18%),B:2320.8(7.71%),P:1e-6	Tpos:700.8,Tstd:518.4,Bpos:793.0,Bstd:479.4,StrandBias:-0.3,Multiplicity:1.12
0.209	0.001	0.256	0.534
0.001	0.878	0.120	0.001
0.202	0.110	0.117	0.571
0.001	0.841	0.050	0.108
0.105	0.729	0.001	0.165
0.073	0.001	0.001	0.925
0.943	0.001	0.001	0.055
0.003	0.816	0.122	0.059
0.921	0.001	0.001	0.077
0.056	0.058	0.044	0.842
>GCAGTACACC	16-GCAGTACACC	9.029881	-15.025990	0	T:21.0(9.09%),B:722.9(2.40%),P:1e-6	Tpos:895.0,Tstd:316.5,Bpos:850.0,Bstd:497.4,StrandBias:0.7,Multiplicity:1.24
0.155	0.179	0.665	0.001
0.052	0.946	0.001	0.001
0.952	0.001	0.001	0.046
0.001	0.001	0.997	0.001
0.001	0.069	0.014	0.916
0.952	0.001	0.001	0.046
0.043	0.843	0.041	0.073
0.950	0.001	0.001	0.048
0.060	0.848	0.039	0.053
0.032	0.966	0.001	0.001
>TCATGGGACT	17-TCATGGGACT	9.224091	-14.844728	0	T:30.0(12.99%),B:1374.7(4.56%),P:1e-6	Tpos:1026.5,Tstd:460.1,Bpos:876.4,Bstd:491.3,StrandBias:-0.9,Multiplicity:1.03
0.033	0.001	0.041	0.925
0.001	0.958	0.001	0.040
0.875	0.001	0.060	0.064
0.137	0.037	0.022	0.804
0.049	0.001	0.897	0.053
0.001	0.001	0.973	0.025
0.038	0.047	0.914	0.001
0.884	0.045	0.037	0.034
0.034	0.926	0.001	0.039
0.089	0.042	0.001	0.868
>TGAGATAGCC	18-TGAGATAGCC	8.341609	-14.641797	0	T:27.0(11.69%),B:1160.7(3.85%),P:1e-6	Tpos:739.7,Tstd:482.6,Bpos:800.5,Bstd:498.3,StrandBias:0.9,Multiplicity:1.15
0.200	0.037	0.232	0.531
0.022	0.050	0.550	0.378
0.760	0.028	0.088	0.124
0.261	0.077	0.586	0.076
0.596	0.121	0.001	0.282
0.106	0.042	0.032	0.820
0.679	0.278	0.042	0.001
0.061	0.036	0.858	0.045
0.033	0.862	0.012	0.093
0.001	0.644	0.046	0.309
>AACCAGAGTG	19-AACCAGAGTG	9.062431	-14.403185	0	T:28.0(12.12%),B:1250.1(4.15%),P:1e-6	Tpos:1009.5,Tstd:468.1,Bpos:924.6,Bstd:513.4,StrandBias:-0.2,Multiplicity:1.07
0.894	0.001	0.001	0.104
0.948	0.050	0.001	0.001
0.001	0.856	0.142	0.001
0.001	0.997	0.001	0.001
0.847	0.001	0.151	0.001
0.001	0.001	0.963	0.035
0.792	0.128	0.001	0.079
0.074	0.001	0.805	0.120
0.001	0.088	0.024	0.887
0.001	0.001	0.997	0.001
>AGACCCAGCA	20-AGACCCAGCA	10.467444	-14.225021	0	T:19.0(8.23%),B:630.2(2.09%),P:1e-6	Tpos:944.1,Tstd:478.9,Bpos:930.3,Bstd:503.3,StrandBias:0.0,Multiplicity:1.05
0.997	0.001	0.001	0.001
0.001	0.001	0.947	0.051
0.897	0.001	0.101	0.001
0.001	0.997	0.001	0.001
0.001	0.997	0.001	0.001
0.001	0.894	0.104	0.001
0.936	0.001	0.062	0.001
0.001	0.001	0.997	0.001
0.001	0.889	0.001	0.109
0.997	0.001	0.001	0.001
>GAATTTAAAA	21-GAATTTAAAA	9.134104	-13.336571	0	T:53.0(22.94%),B:3549.6(11.79%),P:1e-5	Tpos:694.4,Tstd:466.0,Bpos:707.2,Bstd:436.1,StrandBias:0.4,Multiplicity:1.15
0.055	0.001	0.860	0.084
0.902	0.096	0.001	0.001
0.912	0.001	0.086	0.001
0.107	0.001	0.048	0.844
0.001	0.001	0.001	0.997
0.070	0.024	0.001	0.905
0.842	0.001	0.001	0.156
0.972	0.001	0.001	0.026
0.997	0.001	0.001	0.001
0.758	0.001	0.061	0.180
>AGTCCCCTAT	22-AGTCCCCTAT	10.674521	-12.268970	0	T:13.0(5.63%),B:349.2(1.16%),P:1e-5	Tpos:867.9,Tstd:205.6,Bpos:835.7,Bstd:439.9,StrandBias:2.6,Multiplicity:1.62
0.997	0.001	0.001	0.001
0.411	0.001	0.587	0.001
0.001	0.124	0.001	0.874
0.001	0.997	0.001	0.001
0.001	0.997	0.001	0.001
0.001	0.997	0.001	0.001
0.001	0.660	0.001	0.338
0.001	0.001	0.001	0.997
0.874	0.001	0.001	0.124
0.001	0.001	0.001	0.997
>AAGGCGCAGC	23-AAGGCGCAGC	9.175817	-12.061774	0	T:34.0(14.72%),B:1922.3(6.38%),P:1e-5	Tpos:1215.3,Tstd:388.9,Bpos:1102.9,Bstd:501.0,StrandBias:0.5,Multiplicity:1.15
0.990	0.008	0.001	0.001
0.859	0.037	0.048	0.056
0.032	0.001	0.966	0.001
0.041	0.053	0.852	0.054
0.001	0.751	0.225	0.023
0.014	0.009	0.902	0.075
0.045	0.953	0.001	0.001
0.946	0.001	0.025	0.028
0.068	0.001	0.930	0.001
0.033	0.877	0.089	0.001
>TATTTATTCT	24-TATTTATTCT	9.105922	-7.688663	0	T:35.0(15.15%),B:2508.3(8.33%),P:1e-3	Tpos:696.4,Tstd:430.4,Bpos:730.0,Bstd:465.1,StrandBias:0.8,Multiplicity:1.26
0.046	0.001	0.091	0.862
0.997	0.001	0.001	0.001
0.002	0.083	0.088	0.827
0.002	0.109	0.008	0.881
0.001	0.036	0.037	0.926
0.704	0.028	0.228	0.040
0.272	0.003	0.016	0.709
0.006	0.067	0.091	0.836
0.001	0.997	0.001	0.001
0.001	0.063	0.011	0.925
