>GAKTCCCTTACC	1-GAKTCCCTTACC	12.000210	-29.039289	0	T:12.0(5.19%),B:59.9(0.20%),P:1e-12	Tpos:645.2,Tstd:438.5,Bpos:997.6,Bstd:455.4,StrandBias:-1.0,Multiplicity:1.00
0.125	0.001	0.873	0.001
0.909	0.089	0.001	0.001
0.001	0.012	0.436	0.551
0.001	0.089	0.001	0.909
0.001	0.797	0.105	0.097
0.001	0.873	0.125	0.001
0.001	0.936	0.001	0.062
0.125	0.001	0.001	0.873
0.001	0.173	0.248	0.578
0.923	0.001	0.001	0.075
0.001	0.742	0.065	0.192
0.001	0.977	0.001	0.021
>ATGGTGTCAACT	2-ATGGTGTCAACT	14.328218	-26.142246	0	T:7.0(3.03%),B:7.7(0.03%),P:1e-11	Tpos:605.4,Tstd:388.5,Bpos:833.2,Bstd:542.1,StrandBias:0.4,Multiplicity:1.00
0.997	0.001	0.001	0.001
0.001	0.001	0.001	0.997
0.001	0.001	0.997	0.001
0.154	0.154	0.691	0.001
0.001	0.179	0.154	0.666
0.001	0.001	0.997	0.001
0.001	0.001	0.001	0.997
0.001	0.997	0.001	0.001
0.997	0.001	0.001	0.001
0.997	0.001	0.001	0.001
0.001	0.997	0.001	0.001
0.001	0.001	0.001	0.997
>AAGAGTGAACAC	3-AAGAGTGAACAC	13.231669	-25.412018	0	T:11.0(4.76%),B:62.5(0.21%),P:1e-11	Tpos:518.6,Tstd:388.1,Bpos:820.2,Bstd:470.0,StrandBias:0.8,Multiplicity:1.00
0.855	0.001	0.143	0.001
0.997	0.001	0.001	0.001
0.001	0.086	0.912	0.001
0.892	0.001	0.001	0.106
0.097	0.144	0.758	0.001
0.001	0.001	0.001	0.997
0.001	0.001	0.997	0.001
0.855	0.001	0.001	0.143
0.997	0.001	0.001	0.001
0.083	0.915	0.001	0.001
0.997	0.001	0.001	0.001
0.096	0.902	0.001	0.001
>AATTCGACTTTA	4-AATTCGACTTTA	15.212179	-24.433750	0	T:5.0(2.16%),B:0.0(0.00%),P:1e-10	Tpos:914.6,Tstd:386.8,Bpos:0.0,Bstd:0.0,StrandBias:10.0,Multiplicity:1.00
0.997	0.001	0.001	0.001
0.997	0.001	0.001	0.001
0.001	0.001	0.001	0.997
0.001	0.001	0.001	0.997
0.001	0.997	0.001	0.001
0.001	0.001	0.997	0.001
0.997	0.001	0.001	0.001
0.001	0.997	0.001	0.001
0.001	0.001	0.001	0.997
0.001	0.249	0.001	0.749
0.001	0.001	0.001	0.997
0.997	0.001	0.001	0.001
>CCGGGGTTGCTA	5-CCGGGGTTGCTA	13.590397	-24.327933	0	T:8.0(3.46%),B:20.3(0.07%),P:1e-10	Tpos:1447.4,Tstd:189.7,Bpos:1163.7,Bstd:477.2,StrandBias:0.0,Multiplicity:1.00
0.001	0.997	0.001	0.001
0.109	0.889	0.001	0.001
0.001	0.001	0.997	0.001
0.001	0.133	0.865	0.001
0.001	0.001	0.997	0.001
0.001	0.001	0.827	0.171
0.147	0.001	0.001	0.851
0.001	0.001	0.001	0.997
0.001	0.001	0.997	0.001
0.001	0.827	0.171	0.001
0.001	0.115	0.001	0.883
0.997	0.001	0.001	0.001
>SCAGAAATCAGA	6-SCAGAAATCAGA	11.019132	-23.498277	0	T:24.0(10.39%),B:586.7(1.95%),P:1e-10	Tpos:956.7,Tstd:487.7,Bpos:811.6,Bstd:476.8,StrandBias:-1.2,Multiplicity:1.08
0.048	0.484	0.426	0.042
0.050	0.857	0.043	0.050
0.843	0.074	0.001	0.082
0.001	0.001	0.997	0.001
0.944	0.001	0.054	0.001
0.903	0.058	0.038	0.001
0.651	0.001	0.347	0.001
0.033	0.001	0.036	0.930
0.097	0.901	0.001	0.001
0.811	0.062	0.074	0.053
0.001	0.001	0.947	0.051
0.953	0.001	0.045	0.001
>AAAAGGGGACTA	7-AAAAGGGGACTA	13.123051	-23.483677	0	T:9.0(3.90%),B:37.8(0.13%),P:1e-10	Tpos:820.3,Tstd:146.7,Bpos:764.2,Bstd:393.5,StrandBias:-2.2,Multiplicity:1.22
0.785	0.103	0.111	0.001
0.997	0.001	0.001	0.001
0.765	0.091	0.001	0.143
0.856	0.142	0.001	0.001
0.001	0.001	0.997	0.001
0.001	0.001	0.997	0.001
0.001	0.001	0.997	0.001
0.001	0.142	0.856	0.001
0.997	0.001	0.001	0.001
0.076	0.922	0.001	0.001
0.001	0.001	0.001	0.997
0.908	0.090	0.001	0.001
>GAAGGAACCAGC	8-GAAGGAACCAGC	13.280441	-22.374418	0	T:13.0(5.63%),B:140.5(0.47%),P:1e-9	Tpos:1089.2,Tstd:542.4,Bpos:1046.3,Bstd:529.6,StrandBias:-0.7,Multiplicity:1.00
0.113	0.188	0.698	0.001
0.997	0.001	0.001	0.001
0.866	0.001	0.001	0.132
0.001	0.001	0.997	0.001
0.001	0.001	0.997	0.001
0.997	0.001	0.001	0.001
0.800	0.113	0.086	0.001
0.001	0.997	0.001	0.001
0.001	0.997	0.001	0.001
0.899	0.099	0.001	0.001
0.001	0.001	0.997	0.001
0.122	0.795	0.082	0.001
>GACCATCCGCAC	9-GACCATCCGCAC	13.709769	-21.593400	0	T:7.0(3.03%),B:17.1(0.06%),P:1e-9	Tpos:1411.3,Tstd:185.2,Bpos:1171.3,Bstd:369.2,StrandBias:-1.3,Multiplicity:1.00
0.145	0.001	0.853	0.001
0.877	0.001	0.121	0.001
0.121	0.877	0.001	0.001
0.001	0.997	0.001	0.001
0.853	0.145	0.001	0.001
0.001	0.001	0.169	0.829
0.001	0.997	0.001	0.001
0.001	0.997	0.001	0.001
0.001	0.001	0.853	0.145
0.001	0.997	0.001	0.001
0.997	0.001	0.001	0.001
0.001	0.997	0.001	0.001
>TCAGGACGTAGG	10-TCAGGACGTAGG	13.412304	-21.414527	0	T:8.0(3.46%),B:31.7(0.11%),P:1e-9	Tpos:1393.4,Tstd:255.8,Bpos:907.5,Bstd:527.2,StrandBias:0.0,Multiplicity:1.00
0.001	0.001	0.001	0.997
0.001	0.835	0.163	0.001
0.997	0.001	0.001	0.001
0.001	0.001	0.997	0.001
0.001	0.001	0.997	0.001
0.997	0.001	0.001	0.001
0.276	0.617	0.001	0.106
0.001	0.001	0.900	0.098
0.001	0.001	0.001	0.997
0.997	0.001	0.001	0.001
0.001	0.001	0.997	0.001
0.190	0.001	0.808	0.001
>AAAGATGACGCT	11-AAAGATGACGCT	14.871845	-21.401679	0	T:5.0(2.16%),B:2.8(0.01%),P:1e-9	Tpos:1335.6,Tstd:403.7,Bpos:1119.0,Bstd:536.5,StrandBias:2.0,Multiplicity:1.00
0.997	0.001	0.001	0.001
0.997	0.001	0.001	0.001
0.997	0.001	0.001	0.001
0.001	0.001	0.997	0.001
0.997	0.001	0.001	0.001
0.230	0.001	0.001	0.768
0.001	0.001	0.997	0.001
0.768	0.230	0.001	0.001
0.001	0.997	0.001	0.001
0.001	0.001	0.997	0.001
0.001	0.997	0.001	0.001
0.001	0.001	0.001	0.997
>GGGCCTGGTAGT	12-GGGCCTGGTAGT	13.389162	-21.197927	0	T:8.0(3.46%),B:32.5(0.11%),P:1e-9	Tpos:820.5,Tstd:362.4,Bpos:1141.4,Bstd:352.3,StrandBias:0.6,Multiplicity:1.25
0.001	0.001	0.861	0.137
0.001	0.001	0.997	0.001
0.001	0.001	0.997	0.001
0.001	0.901	0.097	0.001
0.137	0.861	0.001	0.001
0.001	0.001	0.107	0.891
0.001	0.137	0.861	0.001
0.001	0.001	0.997	0.001
0.092	0.001	0.001	0.906
0.838	0.001	0.001	0.160
0.001	0.001	0.997	0.001
0.001	0.001	0.001	0.997
>GAAGGCGCAGCG	13-GAAGGCGCAGCG	9.938382	-21.191552	0	T:35.0(15.15%),B:1366.9(4.54%),P:1e-9	Tpos:1474.5,Tstd:202.3,Bpos:1283.0,Bstd:403.1,StrandBias:0.0,Multiplicity:1.03
0.056	0.123	0.783	0.038
0.812	0.126	0.061	0.001
0.799	0.040	0.077	0.084
0.063	0.001	0.935	0.001
0.078	0.033	0.770	0.119
0.092	0.759	0.096	0.053
0.044	0.020	0.877	0.059
0.053	0.914	0.032	0.001
0.774	0.066	0.073	0.087
0.001	0.001	0.997	0.001
0.072	0.793	0.134	0.001
0.088	0.055	0.793	0.064
>TCTTWGACCTAM	14-TCTTWGACCTAM	14.303301	-18.914469	0	T:7.0(3.03%),B:27.8(0.09%),P:1e-8	Tpos:1216.0,Tstd:401.4,Bpos:690.3,Bstd:364.7,StrandBias:1.3,Multiplicity:1.00
0.001	0.001	0.001	0.997
0.001	0.997	0.001	0.001
0.001	0.001	0.001	0.997
0.001	0.001	0.001	0.997
0.489	0.001	0.001	0.509
0.001	0.001	0.605	0.393
0.997	0.001	0.001	0.001
0.001	0.997	0.001	0.001
0.001	0.997	0.001	0.001
0.001	0.001	0.001	0.997
0.997	0.001	0.001	0.001
0.519	0.479	0.001	0.001
>CTCTTTCTGTTT	15-CTCTTTCTGTTT	11.543278	-18.199640	0	T:21.0(9.09%),B:594.6(1.97%),P:1e-7	Tpos:821.6,Tstd:465.8,Bpos:794.3,Bstd:498.1,StrandBias:0.8,Multiplicity:1.05
0.246	0.621	0.001	0.132
0.001	0.010	0.001	0.988
0.001	0.943	0.001	0.055
0.001	0.001	0.001	0.997
0.001	0.241	0.001	0.757
0.001	0.272	0.132	0.595
0.001	0.739	0.144	0.116
0.016	0.001	0.160	0.823
0.001	0.055	0.943	0.001
0.001	0.081	0.001	0.917
0.160	0.112	0.001	0.727
0.001	0.001	0.001	0.997
>GGCGGAAGTTTC	16-GGCGGAAGTTTC	10.568533	-17.698639	0	T:19.0(8.23%),B:499.5(1.66%),P:1e-7	Tpos:1158.5,Tstd:404.8,Bpos:1061.3,Bstd:492.1,StrandBias:-0.6,Multiplicity:1.05
0.001	0.001	0.997	0.001
0.001	0.001	0.997	0.001
0.127	0.871	0.001	0.001
0.157	0.180	0.662	0.001
0.001	0.001	0.865	0.133
0.810	0.188	0.001	0.001
0.913	0.001	0.085	0.001
0.001	0.001	0.871	0.127
0.219	0.151	0.001	0.629
0.001	0.085	0.001	0.913
0.001	0.182	0.001	0.816
0.139	0.746	0.001	0.114
>GGCTGGCCAAGG	17-GGCTGGCCAAGG	14.366814	-17.429136	0	T:8.0(3.46%),B:55.9(0.19%),P:1e-7	Tpos:1003.9,Tstd:451.3,Bpos:994.0,Bstd:502.8,StrandBias:-0.4,Multiplicity:1.00
0.130	0.001	0.868	0.001
0.178	0.001	0.820	0.001
0.001	0.997	0.001	0.001
0.001	0.001	0.001	0.997
0.001	0.001	0.997	0.001
0.001	0.001	0.997	0.001
0.001	0.997	0.001	0.001
0.001	0.997	0.001	0.001
0.997	0.001	0.001	0.001
0.997	0.001	0.001	0.001
0.001	0.001	0.997	0.001
0.001	0.001	0.997	0.001
>TAAACGTCTCAC	18-TAAACGTCTCAC	13.650454	-17.114131	0	T:6.0(2.60%),B:20.5(0.07%),P:1e-7	Tpos:876.3,Tstd:288.2,Bpos:857.9,Bstd:373.9,StrandBias:0.4,Multiplicity:1.17
0.001	0.001	0.001	0.997
0.997	0.001	0.001	0.001
0.997	0.001	0.001	0.001
0.997	0.001	0.001	0.001
0.161	0.660	0.178	0.001
0.001	0.114	0.884	0.001
0.001	0.001	0.001	0.997
0.001	0.997	0.001	0.001
0.001	0.177	0.001	0.821
0.001	0.997	0.001	0.001
0.997	0.001	0.001	0.001
0.160	0.838	0.001	0.001
>ACAGTCTACTGC	19-ACAGTCTACTGC	10.114607	-15.913443	0	T:17.0(7.36%),B:448.8(1.49%),P:1e-6	Tpos:1019.4,Tstd:390.9,Bpos:920.6,Bstd:491.1,StrandBias:-0.5,Multiplicity:1.12
0.974	0.024	0.001	0.001
0.112	0.844	0.043	0.001
0.790	0.001	0.114	0.095
0.001	0.051	0.887	0.061
0.051	0.118	0.001	0.830
0.073	0.865	0.061	0.001
0.108	0.061	0.112	0.719
0.700	0.097	0.166	0.037
0.104	0.824	0.071	0.001
0.092	0.132	0.001	0.775
0.001	0.001	0.949	0.049
0.063	0.856	0.033	0.048
>AGDACASCTSAA	20-AGDACASCTSAA	9.178435	-15.903724	0	T:38.0(16.45%),B:1939.0(6.44%),P:1e-6	Tpos:906.6,Tstd:519.5,Bpos:831.9,Bstd:485.3,StrandBias:0.8,Multiplicity:1.24
0.662	0.001	0.336	0.001
0.203	0.159	0.637	0.001
0.296	0.052	0.272	0.380
0.626	0.222	0.001	0.151
0.001	0.997	0.001	0.001
0.693	0.305	0.001	0.001
0.001	0.571	0.427	0.001
0.189	0.653	0.157	0.001
0.001	0.001	0.001	0.997
0.098	0.376	0.525	0.001
0.679	0.239	0.001	0.081
0.997	0.001	0.001	0.001
>TTCCTTTCACTG	21-TTCCTTTCACTG	15.570965	-13.381737	0	T:4.0(1.73%),B:8.7(0.03%),P:1e-5	Tpos:799.0,Tstd:475.2,Bpos:747.3,Bstd:528.3,StrandBias:-10.0,Multiplicity:1.00
0.001	0.001	0.001	0.997
0.001	0.001	0.029	0.969
0.001	0.997	0.001	0.001
0.001	0.997	0.001	0.001
0.001	0.001	0.001	0.997
0.001	0.001	0.278	0.720
0.001	0.001	0.001	0.997
0.001	0.714	0.284	0.001
0.720	0.278	0.001	0.001
0.001	0.997	0.001	0.001
0.001	0.001	0.001	0.997
0.001	0.001	0.982	0.016
>ATATATGTATAT	22-ATATATGTATAT	8.322187	-13.098669	0	T:74.0(32.03%),B:5742.5(19.07%),P:1e-5	Tpos:579.5,Tstd:374.6,Bpos:653.8,Bstd:402.4,StrandBias:0.0,Multiplicity:1.42
0.767	0.017	0.001	0.215
0.287	0.051	0.001	0.661
0.670	0.039	0.056	0.235
0.008	0.001	0.001	0.990
0.700	0.096	0.139	0.065
0.163	0.001	0.022	0.814
0.151	0.034	0.801	0.014
0.140	0.137	0.001	0.722
0.898	0.001	0.087	0.014
0.096	0.001	0.122	0.781
0.634	0.091	0.118	0.157
0.276	0.022	0.062	0.640
>TTTTTKTKGGGG	23-TTTTTKTKGGGG	10.599444	-10.945030	0	T:23.0(9.96%),B:1099.0(3.65%),P:1e-4	Tpos:813.4,Tstd:489.6,Bpos:702.3,Bstd:479.0,StrandBias:-2.2,Multiplicity:1.04
0.001	0.001	0.001	0.997
0.001	0.001	0.001	0.997
0.001	0.001	0.188	0.810
0.001	0.001	0.096	0.902
0.001	0.001	0.082	0.916
0.084	0.001	0.457	0.458
0.040	0.001	0.263	0.696
0.037	0.001	0.441	0.521
0.068	0.084	0.583	0.265
0.033	0.046	0.818	0.103
0.097	0.208	0.661	0.034
0.001	0.092	0.906	0.001
>GGAGCACAGGCT	24-GGAGCACAGGCT	10.754949	-7.991088	0	T:13.0(5.63%),B:538.8(1.79%),P:1e-3	Tpos:710.4,Tstd:548.6,Bpos:1058.8,Bstd:481.4,StrandBias:2.9,Multiplicity:2.00
0.055	0.001	0.943	0.001
0.001	0.001	0.997	0.001
0.997	0.001	0.001	0.001
0.001	0.001	0.997	0.001
0.001	0.724	0.274	0.001
0.918	0.031	0.050	0.001
0.001	0.964	0.034	0.001
0.806	0.001	0.119	0.074
0.080	0.001	0.918	0.001
0.077	0.001	0.921	0.001
0.001	0.932	0.066	0.001
0.001	0.080	0.001	0.918
>CCCCCTATGCAG	25-CCCCCTATGCAG	12.355432	-4.878101	0	T:1.0(0.43%),B:0.9(0.00%),P:1e-2	Tpos:757.0,Tstd:71.7,Bpos:1165.0,Bstd:0.0,StrandBias:10.0,Multiplicity:6.00
0.100	0.700	0.100	0.100
0.100	0.700	0.100	0.100
0.100	0.700	0.100	0.100
0.100	0.700	0.100	0.100
0.100	0.700	0.100	0.100
0.100	0.100	0.100	0.700
0.700	0.100	0.100	0.100
0.100	0.100	0.100	0.700
0.100	0.100	0.700	0.100
0.100	0.700	0.100	0.100
0.700	0.100	0.100	0.100
0.100	0.100	0.700	0.100
