>CAGATTGACGTT	1-CAGATTGACGTT	10.271830	-32.148556	0	T:33.0(1.16%),B:77.9(0.18%),P:1e-13	Tpos:913.0,Tstd:516.9,Bpos:851.7,Bstd:502.3,StrandBias:0.3,Multiplicity:1.00
0.025	0.850	0.081	0.044
0.851	0.021	0.089	0.039
0.047	0.039	0.913	0.001
0.777	0.111	0.066	0.046
0.071	0.030	0.162	0.737
0.001	0.013	0.064	0.922
0.078	0.035	0.821	0.066
0.815	0.049	0.081	0.055
0.088	0.859	0.022	0.031
0.051	0.038	0.830	0.081
0.039	0.134	0.104	0.723
0.001	0.068	0.021	0.910
>TTTACAGGTGTC	2-TTTACAGGTGTC	9.230035	-31.366739	0	T:37.0(1.30%),B:103.4(0.24%),P:1e-13	Tpos:696.4,Tstd:414.8,Bpos:748.5,Bstd:454.9,StrandBias:-0.2,Multiplicity:1.03
0.289	0.038	0.032	0.641
0.068	0.226	0.022	0.684
0.209	0.024	0.210	0.557
0.557	0.219	0.030	0.194
0.033	0.530	0.177	0.260
0.693	0.017	0.021	0.269
0.249	0.021	0.535	0.195
0.298	0.039	0.615	0.048
0.294	0.030	0.038	0.638
0.046	0.027	0.888	0.039
0.234	0.188	0.043	0.535
0.032	0.541	0.230	0.197
>CTGATGGGGGAC	3-CTGATGGGGGAC	9.638259	-29.420542	0	T:91.0(3.19%),B:555.5(1.28%),P:1e-12	Tpos:924.5,Tstd:493.9,Bpos:884.1,Bstd:501.6,StrandBias:0.0,Multiplicity:1.04
0.085	0.799	0.045	0.071
0.078	0.034	0.067	0.821
0.058	0.076	0.832	0.034
0.864	0.060	0.025	0.051
0.082	0.044	0.078	0.796
0.056	0.018	0.820	0.106
0.053	0.045	0.820	0.082
0.068	0.052	0.823	0.057
0.066	0.028	0.860	0.046
0.022	0.054	0.884	0.040
0.826	0.041	0.055	0.078
0.047	0.859	0.030	0.064
>GCACCTCCTAGC	4-GCACCTCCTAGC	11.923984	-27.961252	0	T:42.0(1.47%),B:152.0(0.35%),P:1e-12	Tpos:1036.1,Tstd:476.3,Bpos:1064.8,Bstd:522.6,StrandBias:-0.6,Multiplicity:1.00
0.001	0.001	0.945	0.053
0.001	0.902	0.044	0.053
0.913	0.001	0.085	0.001
0.025	0.973	0.001	0.001
0.001	0.961	0.001	0.037
0.001	0.022	0.001	0.976
0.001	0.922	0.001	0.076
0.070	0.876	0.001	0.053
0.013	0.128	0.034	0.825
0.847	0.117	0.025	0.011
0.001	0.069	0.917	0.013
0.026	0.952	0.021	0.001
>CCGACCGCTCCC	5-CCGACCGCTCCC	11.638100	-27.895018	0	T:52.0(1.82%),B:227.9(0.52%),P:1e-12	Tpos:1155.2,Tstd:438.1,Bpos:1133.5,Bstd:504.8,StrandBias:0.1,Multiplicity:1.00
0.001	0.916	0.001	0.082
0.001	0.997	0.001	0.001
0.069	0.109	0.821	0.001
0.997	0.001	0.001	0.001
0.001	0.779	0.088	0.132
0.078	0.920	0.001	0.001
0.021	0.001	0.859	0.119
0.001	0.997	0.001	0.001
0.001	0.095	0.001	0.903
0.001	0.997	0.001	0.001
0.001	0.894	0.104	0.001
0.001	0.928	0.070	0.001
>CGGCCCGACCGC	6-CGGCCCGACCGC	12.187626	-27.527948	0	T:47.0(1.65%),B:191.5(0.44%),P:1e-11	Tpos:1277.0,Tstd:431.9,Bpos:1235.4,Bstd:458.5,StrandBias:0.3,Multiplicity:1.00
0.001	0.965	0.001	0.033
0.001	0.001	0.894	0.104
0.001	0.001	0.868	0.130
0.001	0.997	0.001	0.001
0.001	0.997	0.001	0.001
0.076	0.919	0.001	0.004
0.018	0.173	0.808	0.001
0.997	0.001	0.001	0.001
0.001	0.732	0.101	0.166
0.092	0.868	0.039	0.001
0.001	0.062	0.794	0.143
0.001	0.867	0.053	0.079
>TTNCTACTGAAC	7-TTNCTACTGAAC	8.166534	-25.460467	0	T:25.0(0.88%),B:57.0(0.13%),P:1e-11	Tpos:777.0,Tstd:502.2,Bpos:715.0,Bstd:382.0,StrandBias:0.3,Multiplicity:1.00
0.267	0.183	0.069	0.481
0.078	0.256	0.059	0.607
0.221	0.208	0.354	0.218
0.264	0.505	0.006	0.225
0.103	0.111	0.104	0.682
0.674	0.073	0.210	0.043
0.132	0.637	0.133	0.098
0.234	0.068	0.041	0.657
0.168	0.113	0.472	0.247
0.591	0.230	0.080	0.099
0.554	0.028	0.167	0.251
0.172	0.414	0.205	0.208
>GCCGTTGCCGCG	8-GCCGTTGCCGCG	11.789322	-24.004416	0	T:54.0(1.89%),B:273.7(0.63%),P:1e-10	Tpos:1381.5,Tstd:304.5,Bpos:1280.7,Bstd:439.4,StrandBias:0.3,Multiplicity:1.04
0.071	0.026	0.902	0.001
0.001	0.989	0.009	0.001
0.001	0.997	0.001	0.001
0.001	0.022	0.976	0.001
0.054	0.074	0.029	0.843
0.024	0.105	0.145	0.726
0.001	0.060	0.885	0.054
0.029	0.899	0.001	0.071
0.001	0.997	0.001	0.001
0.028	0.001	0.970	0.001
0.054	0.919	0.026	0.001
0.070	0.001	0.928	0.001
>TTCAGGAGGAAA	9-TTCAGGAGGAAA	10.221795	-24.001841	0	T:99.0(3.47%),B:702.9(1.62%),P:1e-10	Tpos:777.5,Tstd:447.0,Bpos:817.2,Bstd:476.6,StrandBias:-0.0,Multiplicity:1.03
0.043	0.026	0.057	0.874
0.105	0.033	0.115	0.747
0.091	0.773	0.055	0.081
0.833	0.073	0.036	0.058
0.036	0.059	0.871	0.034
0.062	0.017	0.845	0.076
0.889	0.039	0.037	0.035
0.060	0.080	0.811	0.049
0.047	0.058	0.847	0.048
0.859	0.004	0.082	0.055
0.833	0.051	0.082	0.034
0.823	0.060	0.059	0.058
>TTGTTGGTAGAA	10-TTGTTGGTAGAA	11.576621	-23.717491	0	T:34.0(1.19%),B:119.7(0.27%),P:1e-10	Tpos:619.9,Tstd:420.6,Bpos:770.7,Bstd:458.7,StrandBias:1.1,Multiplicity:1.00
0.001	0.001	0.001	0.997
0.059	0.001	0.001	0.939
0.049	0.032	0.830	0.089
0.059	0.001	0.001	0.939
0.048	0.001	0.001	0.950
0.001	0.078	0.900	0.021
0.049	0.059	0.891	0.001
0.016	0.001	0.095	0.888
0.869	0.001	0.035	0.095
0.102	0.001	0.878	0.019
0.939	0.059	0.001	0.001
0.997	0.001	0.001	0.001
>GCGATGGAGGAA	11-GCGATGGAGGAA	10.728519	-22.915389	0	T:42.0(1.47%),B:183.5(0.42%),P:1e-9	Tpos:1019.7,Tstd:457.7,Bpos:1045.1,Bstd:545.7,StrandBias:-0.1,Multiplicity:1.02
0.001	0.064	0.934	0.001
0.001	0.920	0.034	0.045
0.017	0.001	0.981	0.001
0.813	0.031	0.072	0.084
0.050	0.031	0.001	0.918
0.052	0.001	0.946	0.001
0.001	0.001	0.946	0.052
0.931	0.045	0.023	0.001
0.045	0.001	0.953	0.001
0.050	0.001	0.904	0.045
0.911	0.065	0.023	0.001
0.870	0.065	0.064	0.001
>AGGAGCAGGTAG	12-AGGAGCAGGTAG	10.386903	-21.790057	0	T:49.0(1.72%),B:249.7(0.57%),P:1e-9	Tpos:1030.0,Tstd:475.3,Bpos:1034.3,Bstd:551.2,StrandBias:0.3,Multiplicity:1.02
0.575	0.171	0.224	0.030
0.200	0.026	0.601	0.173
0.034	0.037	0.900	0.029
0.655	0.124	0.035	0.186
0.128	0.143	0.695	0.034
0.039	0.768	0.030	0.163
0.537	0.088	0.117	0.258
0.049	0.025	0.883	0.043
0.025	0.240	0.583	0.152
0.158	0.029	0.201	0.612
0.770	0.157	0.035	0.038
0.139	0.040	0.643	0.178
>CCCCAAATGTGG	13-CCCCAAATGTGG	12.087943	-21.510163	0	T:30.0(1.05%),B:103.6(0.24%),P:1e-9	Tpos:854.3,Tstd:488.8,Bpos:849.1,Bstd:468.3,StrandBias:-0.4,Multiplicity:1.03
0.001	0.960	0.001	0.038
0.001	0.968	0.001	0.030
0.011	0.958	0.001	0.030
0.001	0.935	0.063	0.001
0.935	0.001	0.063	0.001
0.844	0.071	0.021	0.064
0.765	0.023	0.128	0.084
0.001	0.001	0.081	0.917
0.001	0.001	0.960	0.038
0.034	0.001	0.001	0.964
0.057	0.001	0.941	0.001
0.035	0.023	0.878	0.064
>GAGCGGGGAGGA	14-GAGCGGGGAGGA	12.391063	-17.040958	0	T:122.0(4.27%),B:1077.3(2.48%),P:1e-7	Tpos:1156.9,Tstd:404.0,Bpos:1137.5,Bstd:474.1,StrandBias:-0.3,Multiplicity:1.04
0.001	0.001	0.997	0.001
0.850	0.055	0.094	0.001
0.066	0.035	0.898	0.001
0.096	0.779	0.045	0.080
0.001	0.090	0.862	0.047
0.001	0.001	0.997	0.001
0.001	0.001	0.997	0.001
0.001	0.001	0.906	0.092
0.960	0.038	0.001	0.001
0.001	0.001	0.997	0.001
0.001	0.001	0.997	0.001
0.838	0.120	0.041	0.001
>GTCTGCCATGCG	15-GTCTGCCATGCG	12.506005	-16.843979	0	T:13.0(0.46%),B:21.8(0.05%),P:1e-7	Tpos:993.0,Tstd:269.9,Bpos:896.3,Bstd:238.3,StrandBias:1.6,Multiplicity:1.54
0.001	0.001	0.941	0.057
0.001	0.001	0.001	0.997
0.001	0.883	0.040	0.076
0.001	0.001	0.001	0.997
0.001	0.001	0.997	0.001
0.001	0.941	0.001	0.057
0.001	0.865	0.058	0.076
0.913	0.028	0.001	0.058
0.001	0.220	0.001	0.778
0.047	0.001	0.876	0.076
0.019	0.912	0.028	0.041
0.001	0.057	0.941	0.001
>AGTCCGGTACGC	16-AGTCCGGTACGC	13.180970	-16.696942	0	T:12.0(0.42%),B:17.3(0.04%),P:1e-7	Tpos:1175.4,Tstd:482.6,Bpos:1290.0,Bstd:505.7,StrandBias:-0.7,Multiplicity:1.08
0.997	0.001	0.001	0.001
0.001	0.001	0.997	0.001
0.001	0.001	0.001	0.997
0.001	0.947	0.001	0.051
0.001	0.888	0.001	0.110
0.001	0.001	0.915	0.083
0.001	0.110	0.888	0.001
0.001	0.059	0.303	0.637
0.888	0.110	0.001	0.001
0.083	0.915	0.001	0.001
0.001	0.001	0.997	0.001
0.001	0.997	0.001	0.001
>CAATAACATTGA	17-CAATAACATTGA	11.924044	-16.575446	0	T:21.0(0.74%),B:67.5(0.16%),P:1e-7	Tpos:633.7,Tstd:348.0,Bpos:691.5,Bstd:439.2,StrandBias:-1.0,Multiplicity:1.71
0.024	0.908	0.067	0.001
0.997	0.001	0.001	0.001
0.897	0.051	0.051	0.001
0.001	0.021	0.001	0.977
0.926	0.001	0.022	0.051
0.997	0.001	0.001	0.001
0.001	0.997	0.001	0.001
0.997	0.001	0.001	0.001
0.001	0.051	0.036	0.912
0.001	0.067	0.175	0.757
0.122	0.001	0.846	0.031
0.890	0.042	0.036	0.032
>CGGTAGGRTCAG	18-CGGTAGGRTCAG	12.826803	-14.361302	0	T:11.0(0.39%),B:18.2(0.04%),P:1e-6	Tpos:696.7,Tstd:378.8,Bpos:860.0,Bstd:397.8,StrandBias:1.7,Multiplicity:1.55
0.001	0.839	0.159	0.001
0.001	0.001	0.997	0.001
0.001	0.282	0.557	0.160
0.001	0.001	0.001	0.997
0.812	0.001	0.186	0.001
0.001	0.001	0.997	0.001
0.001	0.001	0.997	0.001
0.574	0.001	0.424	0.001
0.001	0.130	0.001	0.868
0.022	0.976	0.001	0.001
0.997	0.001	0.001	0.001
0.122	0.109	0.768	0.001
>TGGTGTGTGMCC	19-TGGTGTGTGMCC	11.605884	-13.973068	0	T:17.0(0.60%),B:53.8(0.12%),P:1e-6	Tpos:856.9,Tstd:460.9,Bpos:1029.2,Bstd:538.8,StrandBias:-1.1,Multiplicity:1.29
0.032	0.055	0.203	0.710
0.048	0.037	0.900	0.015
0.049	0.025	0.868	0.058
0.063	0.019	0.078	0.840
0.068	0.003	0.676	0.253
0.283	0.043	0.020	0.654
0.043	0.057	0.677	0.223
0.013	0.018	0.217	0.752
0.010	0.043	0.908	0.039
0.539	0.437	0.008	0.016
0.284	0.515	0.172	0.029
0.045	0.741	0.029	0.185
>TGATGCAGGGAG	20-TGATGCAGGGAG	11.689220	-12.215524	0	T:11.0(0.39%),B:24.4(0.06%),P:1e-5	Tpos:593.6,Tstd:275.2,Bpos:671.4,Bstd:374.5,StrandBias:2.2,Multiplicity:2.00
0.001	0.079	0.001	0.919
0.056	0.001	0.942	0.001
0.997	0.001	0.001	0.001
0.001	0.001	0.001	0.997
0.066	0.001	0.932	0.001
0.001	0.997	0.001	0.001
0.997	0.001	0.001	0.001
0.001	0.001	0.997	0.001
0.001	0.001	0.997	0.001
0.001	0.001	0.893	0.105
0.997	0.001	0.001	0.001
0.001	0.001	0.997	0.001
>GAGAAGCCATGT	21-GAGAAGCCATGT	11.580313	-11.219032	0	T:28.0(0.98%),B:160.7(0.37%),P:1e-4	Tpos:754.3,Tstd:396.1,Bpos:857.1,Bstd:405.9,StrandBias:1.9,Multiplicity:1.89
0.001	0.019	0.968	0.012
0.955	0.001	0.043	0.001
0.026	0.001	0.972	0.001
0.905	0.063	0.031	0.001
0.997	0.001	0.001	0.001
0.034	0.001	0.964	0.001
0.016	0.982	0.001	0.001
0.024	0.897	0.058	0.021
0.919	0.016	0.044	0.021
0.001	0.026	0.001	0.972
0.030	0.001	0.968	0.001
0.098	0.001	0.037	0.864
>ATATAKTGATGG	22-ATATAKTGATGG	11.818319	-10.913943	0	T:16.0(0.56%),B:62.1(0.14%),P:1e-4	Tpos:710.4,Tstd:434.9,Bpos:685.6,Bstd:366.3,StrandBias:1.4,Multiplicity:1.62
0.997	0.001	0.001	0.001
0.001	0.102	0.109	0.788
0.833	0.001	0.134	0.032
0.001	0.133	0.001	0.865
0.897	0.001	0.101	0.001
0.001	0.001	0.515	0.483
0.410	0.001	0.001	0.588
0.001	0.001	0.997	0.001
0.997	0.001	0.001	0.001
0.001	0.001	0.001	0.997
0.001	0.236	0.629	0.134
0.001	0.001	0.997	0.001
>CCACCCTCACTG	23-CCACCCTCACTG	14.058534	-10.590678	0	T:12.0(0.42%),B:36.2(0.08%),P:1e-4	Tpos:611.0,Tstd:261.4,Bpos:777.5,Bstd:435.3,StrandBias:-1.1,Multiplicity:1.83
0.001	0.997	0.001	0.001
0.001	0.997	0.001	0.001
0.997	0.001	0.001	0.001
0.001	0.997	0.001	0.001
0.001	0.997	0.001	0.001
0.001	0.909	0.001	0.089
0.001	0.001	0.001	0.997
0.118	0.880	0.001	0.001
0.997	0.001	0.001	0.001
0.001	0.997	0.001	0.001
0.001	0.001	0.001	0.997
0.001	0.001	0.997	0.001
>ATCATGTGTAAT	24-ATCATGTGTAAT	12.954547	-9.810723	0	T:9.0(0.32%),B:21.4(0.05%),P:1e-4	Tpos:733.1,Tstd:359.9,Bpos:706.7,Bstd:365.1,StrandBias:3.2,Multiplicity:3.33
0.926	0.001	0.072	0.001
0.001	0.001	0.001	0.997
0.001	0.890	0.001	0.108
0.997	0.001	0.001	0.001
0.001	0.041	0.001	0.957
0.001	0.001	0.997	0.001
0.001	0.001	0.041	0.957
0.001	0.042	0.906	0.051
0.042	0.036	0.001	0.921
0.997	0.001	0.001	0.001
0.997	0.001	0.001	0.001
0.050	0.001	0.001	0.948
>CACAGMCGATCC	25-CACAGMCGATCC	13.472337	-7.748357	0	T:4.0(0.14%),B:3.4(0.01%),P:1e-3	Tpos:1404.8,Tstd:145.3,Bpos:1563.7,Bstd:8.4,StrandBias:1.2,Multiplicity:2.50
0.001	0.855	0.001	0.143
0.699	0.001	0.299	0.001
0.001	0.997	0.001	0.001
0.699	0.001	0.299	0.001
0.001	0.250	0.748	0.001
0.506	0.492	0.001	0.001
0.001	0.997	0.001	0.001
0.001	0.001	0.714	0.284
0.997	0.001	0.001	0.001
0.001	0.001	0.001	0.997
0.001	0.889	0.001	0.109
0.001	0.997	0.001	0.001
