>AGAGGCACTT	1-AGAGGCACTT	9.227952	-26.891818	0	T:219.0(7.67%),B:1994.6(4.58%),P:1e-11	Tpos:882.5,Tstd:477.1,Bpos:901.7,Bstd:497.6,StrandBias:-0.2,Multiplicity:1.02
0.846	0.066	0.087	0.001
0.001	0.001	0.997	0.001
0.841	0.001	0.157	0.001
0.001	0.019	0.969	0.011
0.032	0.001	0.897	0.070
0.028	0.953	0.001	0.018
0.817	0.116	0.034	0.033
0.023	0.884	0.040	0.053
0.001	0.104	0.024	0.871
0.001	0.016	0.030	0.953
>MCBCCYNBGC	2-MCBCCYNBGC	5.798029	-26.253719	0	T:548.0(19.19%),B:6240.9(14.34%),P:1e-11	Tpos:1171.7,Tstd:425.3,Bpos:1142.1,Bstd:497.1,StrandBias:0.2,Multiplicity:1.14
0.312	0.438	0.017	0.232
0.010	0.655	0.322	0.013
0.186	0.241	0.229	0.344
0.011	0.519	0.342	0.128
0.050	0.564	0.054	0.332
0.224	0.241	0.154	0.381
0.196	0.257	0.221	0.325
0.014	0.417	0.295	0.274
0.234	0.011	0.460	0.295
0.060	0.865	0.012	0.063
>GGTTTAACTC	3-GGTTTAACTC	9.083543	-25.935533	0	T:122.0(4.27%),B:914.8(2.10%),P:1e-11	Tpos:818.0,Tstd:446.9,Bpos:863.4,Bstd:484.7,StrandBias:-0.3,Multiplicity:1.01
0.027	0.001	0.849	0.123
0.028	0.029	0.827	0.116
0.001	0.017	0.001	0.981
0.001	0.001	0.022	0.976
0.024	0.001	0.001	0.974
0.831	0.105	0.033	0.031
0.896	0.010	0.001	0.093
0.043	0.838	0.001	0.118
0.001	0.083	0.001	0.915
0.001	0.997	0.001	0.001
>CTCCACGGTA	4-CTCCACGGTA	9.484852	-24.503137	0	T:93.0(3.26%),B:634.5(1.46%),P:1e-10	Tpos:1003.3,Tstd:455.5,Bpos:995.5,Bstd:499.4,StrandBias:0.1,Multiplicity:1.01
0.046	0.952	0.001	0.001
0.001	0.016	0.063	0.920
0.011	0.949	0.001	0.039
0.001	0.972	0.001	0.026
0.982	0.001	0.016	0.001
0.030	0.911	0.001	0.058
0.030	0.008	0.912	0.050
0.072	0.124	0.719	0.085
0.027	0.154	0.139	0.680
0.997	0.001	0.001	0.001
>ACCATTTATT	5-ACCATTTATT	7.497733	-24.030635	0	T:271.0(9.49%),B:2701.8(6.21%),P:1e-10	Tpos:725.7,Tstd:426.6,Bpos:727.6,Bstd:438.4,StrandBias:0.1,Multiplicity:1.07
0.500	0.202	0.101	0.197
0.230	0.534	0.220	0.016
0.037	0.785	0.074	0.104
0.529	0.247	0.065	0.159
0.012	0.153	0.229	0.606
0.054	0.051	0.045	0.850
0.144	0.177	0.111	0.568
0.651	0.046	0.029	0.274
0.028	0.040	0.160	0.772
0.027	0.226	0.180	0.567
>CCTCAGAGTA	6-CCTCAGAGTA	8.542844	-23.718302	0	T:271.0(9.49%),B:2710.6(6.23%),P:1e-10	Tpos:862.4,Tstd:450.0,Bpos:908.3,Bstd:496.1,StrandBias:0.1,Multiplicity:1.06
0.001	0.885	0.069	0.045
0.049	0.908	0.018	0.025
0.050	0.129	0.001	0.820
0.018	0.964	0.001	0.017
0.829	0.005	0.065	0.101
0.001	0.001	0.958	0.040
0.976	0.001	0.022	0.001
0.019	0.001	0.946	0.034
0.053	0.037	0.093	0.817
0.927	0.071	0.001	0.001
>AGGCTCAGGA	7-AGGCTCAGGA	9.205066	-23.705134	0	T:361.0(12.64%),B:3857.0(8.86%),P:1e-10	Tpos:918.1,Tstd:481.9,Bpos:949.7,Bstd:517.4,StrandBias:-0.1,Multiplicity:1.08
0.908	0.001	0.040	0.051
0.021	0.016	0.962	0.001
0.001	0.001	0.997	0.001
0.001	0.955	0.001	0.043
0.030	0.001	0.078	0.891
0.001	0.876	0.071	0.052
0.839	0.058	0.001	0.102
0.065	0.024	0.896	0.015
0.064	0.032	0.884	0.020
0.821	0.001	0.025	0.153
>TCTCCGTACG	8-TCTCCGTACG	8.293393	-23.400254	0	T:64.0(2.24%),B:367.6(0.84%),P:1e-10	Tpos:1138.3,Tstd:414.2,Bpos:1163.9,Bstd:415.5,StrandBias:0.5,Multiplicity:1.02
0.079	0.038	0.048	0.835
0.235	0.485	0.138	0.142
0.133	0.186	0.008	0.673
0.156	0.625	0.088	0.131
0.001	0.752	0.238	0.009
0.007	0.013	0.915	0.065
0.193	0.110	0.001	0.696
0.549	0.316	0.023	0.112
0.019	0.640	0.330	0.011
0.001	0.147	0.719	0.133
>GCCTATACAC	9-GCCTATACAC	9.761335	-23.007193	0	T:49.0(1.72%),B:239.2(0.55%),P:1e-9	Tpos:893.8,Tstd:505.7,Bpos:888.1,Bstd:516.4,StrandBias:0.2,Multiplicity:1.00
0.041	0.001	0.950	0.008
0.001	0.906	0.092	0.001
0.001	0.997	0.001	0.001
0.001	0.027	0.001	0.971
0.811	0.167	0.001	0.021
0.001	0.027	0.150	0.822
0.811	0.173	0.015	0.001
0.055	0.921	0.009	0.015
0.856	0.050	0.054	0.040
0.001	0.997	0.001	0.001
>TAATTTGGCG	10-TAATTTGGCG	9.124855	-21.260876	0	T:86.0(3.01%),B:607.3(1.40%),P:1e-9	Tpos:904.0,Tstd:459.3,Bpos:785.6,Bstd:483.1,StrandBias:0.1,Multiplicity:1.00
0.012	0.001	0.044	0.943
0.967	0.001	0.031	0.001
0.944	0.054	0.001	0.001
0.001	0.001	0.069	0.929
0.097	0.025	0.001	0.877
0.011	0.039	0.001	0.949
0.008	0.001	0.981	0.010
0.104	0.040	0.835	0.021
0.001	0.774	0.084	0.141
0.001	0.063	0.825	0.111
>TTCTCTGCTG	11-TTCTCTGCTG	9.192808	-21.219961	0	T:377.0(13.20%),B:4156.3(9.55%),P:1e-9	Tpos:910.7,Tstd:500.5,Bpos:911.1,Bstd:501.4,StrandBias:-0.0,Multiplicity:1.08
0.022	0.001	0.039	0.938
0.090	0.034	0.096	0.780
0.024	0.974	0.001	0.001
0.001	0.109	0.001	0.889
0.001	0.895	0.066	0.038
0.030	0.001	0.075	0.894
0.001	0.053	0.945	0.001
0.027	0.971	0.001	0.001
0.106	0.075	0.028	0.791
0.032	0.032	0.916	0.020
>CACTCCCGCC	12-CACTCCCGCC	8.145714	-20.620001	0	T:520.0(18.21%),B:6103.3(14.02%),P:1e-8	Tpos:1204.2,Tstd:406.6,Bpos:1179.8,Bstd:472.6,StrandBias:-0.3,Multiplicity:1.15
0.154	0.621	0.130	0.095
0.665	0.078	0.019	0.238
0.144	0.674	0.180	0.002
0.015	0.165	0.237	0.583
0.116	0.736	0.017	0.131
0.006	0.699	0.165	0.130
0.205	0.644	0.136	0.015
0.004	0.044	0.945	0.007
0.023	0.632	0.253	0.092
0.124	0.704	0.149	0.023
>CAATTTTCCT	13-CAATTTTCCT	9.834304	-20.517652	0	T:202.0(7.08%),B:1947.5(4.47%),P:1e-8	Tpos:796.0,Tstd:453.5,Bpos:770.7,Bstd:439.4,StrandBias:0.1,Multiplicity:1.06
0.059	0.939	0.001	0.001
0.980	0.001	0.018	0.001
0.886	0.048	0.037	0.029
0.107	0.024	0.048	0.821
0.001	0.001	0.001	0.997
0.001	0.018	0.001	0.980
0.001	0.061	0.069	0.869
0.001	0.844	0.047	0.108
0.046	0.905	0.029	0.020
0.001	0.041	0.090	0.868
>GACTAGGTAA	14-GACTAGGTAA	7.149559	-20.108394	0	T:373.0(13.06%),B:4146.5(9.53%),P:1e-8	Tpos:771.8,Tstd:454.1,Bpos:801.8,Bstd:478.9,StrandBias:0.0,Multiplicity:1.09
0.111	0.048	0.740	0.101
0.713	0.076	0.069	0.142
0.074	0.809	0.046	0.071
0.083	0.023	0.064	0.830
0.831	0.046	0.069	0.054
0.075	0.048	0.847	0.030
0.090	0.056	0.791	0.063
0.042	0.058	0.084	0.816
0.818	0.043	0.086	0.053
0.814	0.057	0.044	0.085
>TTCGCCTAGA	15-TTCGCCTAGA	8.923386	-19.774643	0	T:110.0(3.85%),B:887.8(2.04%),P:1e-8	Tpos:947.2,Tstd:448.2,Bpos:940.3,Bstd:517.7,StrandBias:0.2,Multiplicity:1.03
0.001	0.026	0.011	0.962
0.049	0.062	0.001	0.888
0.061	0.814	0.057	0.068
0.088	0.043	0.832	0.037
0.059	0.891	0.010	0.040
0.033	0.965	0.001	0.001
0.029	0.025	0.019	0.927
0.959	0.001	0.001	0.039
0.144	0.001	0.805	0.050
0.981	0.017	0.001	0.001
>CGACCAAAAC	16-CGACCAAAAC	8.824651	-18.678301	0	T:157.0(5.50%),B:1451.8(3.34%),P:1e-8	Tpos:794.3,Tstd:464.0,Bpos:815.0,Bstd:480.1,StrandBias:0.3,Multiplicity:1.03
0.164	0.754	0.001	0.081
0.123	0.089	0.761	0.027
0.955	0.001	0.001	0.043
0.001	0.916	0.069	0.014
0.085	0.863	0.001	0.051
0.984	0.001	0.014	0.001
0.974	0.001	0.024	0.001
0.972	0.026	0.001	0.001
0.859	0.104	0.012	0.025
0.001	0.956	0.001	0.042
>GTCATATGGT	17-GTCATATGGT	8.860419	-17.570506	0	T:80.0(2.80%),B:599.0(1.38%),P:1e-7	Tpos:690.7,Tstd:442.6,Bpos:740.3,Bstd:445.0,StrandBias:-0.1,Multiplicity:1.01
0.001	0.033	0.948	0.018
0.051	0.001	0.059	0.889
0.019	0.950	0.008	0.023
0.969	0.015	0.001	0.015
0.021	0.001	0.001	0.977
0.842	0.065	0.042	0.051
0.015	0.001	0.037	0.947
0.023	0.072	0.891	0.014
0.032	0.050	0.874	0.044
0.064	0.078	0.144	0.714
>CACCCCGTTG	18-CACCCCGTTG	7.194834	-16.854919	0	T:411.0(14.40%),B:4794.0(11.02%),P:1e-7	Tpos:990.1,Tstd:461.5,Bpos:1025.2,Bstd:507.6,StrandBias:-0.2,Multiplicity:1.12
0.050	0.770	0.067	0.113
0.752	0.082	0.078	0.088
0.038	0.811	0.084	0.067
0.051	0.847	0.064	0.038
0.071	0.816	0.066	0.047
0.079	0.829	0.049	0.043
0.073	0.050	0.784	0.093
0.059	0.064	0.035	0.842
0.072	0.085	0.097	0.746
0.080	0.065	0.808	0.047
>AGACTAGATG	19-AGACTAGATG	9.297945	-16.672623	0	T:106.0(3.71%),B:901.3(2.07%),P:1e-7	Tpos:748.8,Tstd:461.1,Bpos:752.5,Bstd:473.1,StrandBias:-0.3,Multiplicity:1.04
0.955	0.001	0.001	0.043
0.153	0.038	0.765	0.044
0.874	0.012	0.064	0.050
0.020	0.861	0.118	0.001
0.022	0.001	0.021	0.956
0.863	0.026	0.063	0.048
0.097	0.001	0.901	0.001
0.997	0.001	0.001	0.001
0.067	0.001	0.044	0.888
0.026	0.001	0.955	0.018
>TAATACATCT	20-TAATACATCT	6.953895	-16.417387	0	T:652.0(22.84%),B:8160.6(18.75%),P:1e-7	Tpos:703.1,Tstd:441.1,Bpos:703.6,Bstd:428.8,StrandBias:0.0,Multiplicity:1.25
0.096	0.027	0.049	0.828
0.791	0.072	0.062	0.075
0.765	0.066	0.061	0.108
0.047	0.089	0.087	0.777
0.795	0.130	0.046	0.029
0.064	0.775	0.083	0.078
0.867	0.049	0.055	0.029
0.075	0.047	0.055	0.823
0.078	0.793	0.070	0.059
0.045	0.140	0.022	0.793
>CTGTGGCTCT	21-CTGTGGCTCT	11.229090	-13.775677	0	T:93.0(3.26%),B:812.6(1.87%),P:1e-5	Tpos:920.6,Tstd:473.1,Bpos:947.9,Bstd:498.2,StrandBias:-0.2,Multiplicity:1.01
0.001	0.881	0.001	0.117
0.001	0.001	0.102	0.896
0.001	0.001	0.997	0.001
0.001	0.001	0.001	0.997
0.001	0.001	0.997	0.001
0.001	0.001	0.997	0.001
0.001	0.997	0.001	0.001
0.001	0.001	0.001	0.997
0.001	0.997	0.001	0.001
0.182	0.001	0.001	0.816
>CCGWACTCCC	22-CCGWACTCCC	11.402602	-13.595481	0	T:40.0(1.40%),B:247.9(0.57%),P:1e-5	Tpos:1011.6,Tstd:414.9,Bpos:1056.9,Bstd:490.8,StrandBias:0.8,Multiplicity:1.02
0.284	0.714	0.001	0.001
0.001	0.997	0.001	0.001
0.001	0.001	0.733	0.265
0.566	0.001	0.001	0.432
0.997	0.001	0.001	0.001
0.001	0.997	0.001	0.001
0.186	0.001	0.001	0.812
0.001	0.997	0.001	0.001
0.001	0.997	0.001	0.001
0.001	0.997	0.001	0.001
>TAAGCCATGT	23-TAAGCCATGT	10.046740	-12.854142	0	T:66.0(2.31%),B:526.5(1.21%),P:1e-5	Tpos:763.5,Tstd:428.0,Bpos:772.2,Bstd:463.5,StrandBias:0.6,Multiplicity:1.20
0.001	0.008	0.167	0.824
0.996	0.001	0.002	0.001
0.997	0.001	0.001	0.001
0.003	0.003	0.846	0.148
0.099	0.768	0.001	0.132
0.011	0.822	0.157	0.010
0.834	0.001	0.164	0.001
0.001	0.001	0.108	0.890
0.001	0.149	0.528	0.322
0.001	0.001	0.001	0.997
>RCCAATAAYA	24-RCCAATAAYA	11.961051	-7.287780	0	T:15.0(0.53%),B:80.7(0.19%),P:1e-3	Tpos:872.1,Tstd:427.8,Bpos:727.7,Bstd:375.0,StrandBias:-2.9,Multiplicity:1.73
0.424	0.001	0.574	0.001
0.001	0.997	0.001	0.001
0.001	0.612	0.386	0.001
0.997	0.001	0.001	0.001
0.997	0.001	0.001	0.001
0.001	0.001	0.001	0.997
0.997	0.001	0.001	0.001
0.997	0.001	0.001	0.001
0.001	0.564	0.001	0.434
0.997	0.001	0.001	0.001
>ATCACGTGTA	25-ATCACGTGTA	7.799641	-6.505668	0	T:172.0(6.02%),B:2063.1(4.74%),P:1e-2	Tpos:850.4,Tstd:435.3,Bpos:821.2,Bstd:472.7,StrandBias:0.6,Multiplicity:1.19
0.854	0.144	0.001	0.001
0.001	0.210	0.001	0.788
0.161	0.735	0.001	0.103
0.997	0.001	0.001	0.001
0.001	0.768	0.001	0.230
0.001	0.001	0.997	0.001
0.001	0.001	0.191	0.807
0.001	0.099	0.899	0.001
0.001	0.197	0.001	0.801
0.997	0.001	0.001	0.001
>CAGATTGACGTT	1-CAGATTGACGTT	10.271830	-32.148556	0	T:33.0(1.16%),B:77.9(0.18%),P:1e-13	Tpos:913.0,Tstd:516.9,Bpos:851.7,Bstd:502.3,StrandBias:0.3,Multiplicity:1.00
0.025	0.850	0.081	0.044
0.851	0.021	0.089	0.039
0.047	0.039	0.913	0.001
0.777	0.111	0.066	0.046
0.071	0.030	0.162	0.737
0.001	0.013	0.064	0.922
0.078	0.035	0.821	0.066
0.815	0.049	0.081	0.055
0.088	0.859	0.022	0.031
0.051	0.038	0.830	0.081
0.039	0.134	0.104	0.723
0.001	0.068	0.021	0.910
>TTTACAGGTGTC	2-TTTACAGGTGTC	9.230035	-31.366739	0	T:37.0(1.30%),B:103.4(0.24%),P:1e-13	Tpos:696.4,Tstd:414.8,Bpos:748.5,Bstd:454.9,StrandBias:-0.2,Multiplicity:1.03
0.289	0.038	0.032	0.641
0.068	0.226	0.022	0.684
0.209	0.024	0.210	0.557
0.557	0.219	0.030	0.194
0.033	0.530	0.177	0.260
0.693	0.017	0.021	0.269
0.249	0.021	0.535	0.195
0.298	0.039	0.615	0.048
0.294	0.030	0.038	0.638
0.046	0.027	0.888	0.039
0.234	0.188	0.043	0.535
0.032	0.541	0.230	0.197
>CTGATGGGGGAC	3-CTGATGGGGGAC	9.638259	-29.420542	0	T:91.0(3.19%),B:555.5(1.28%),P:1e-12	Tpos:924.5,Tstd:493.9,Bpos:884.1,Bstd:501.6,StrandBias:0.0,Multiplicity:1.04
0.085	0.799	0.045	0.071
0.078	0.034	0.067	0.821
0.058	0.076	0.832	0.034
0.864	0.060	0.025	0.051
0.082	0.044	0.078	0.796
0.056	0.018	0.820	0.106
0.053	0.045	0.820	0.082
0.068	0.052	0.823	0.057
0.066	0.028	0.860	0.046
0.022	0.054	0.884	0.040
0.826	0.041	0.055	0.078
0.047	0.859	0.030	0.064
>GCACCTCCTAGC	4-GCACCTCCTAGC	11.923984	-27.961252	0	T:42.0(1.47%),B:152.0(0.35%),P:1e-12	Tpos:1036.1,Tstd:476.3,Bpos:1064.8,Bstd:522.6,StrandBias:-0.6,Multiplicity:1.00
0.001	0.001	0.945	0.053
0.001	0.902	0.044	0.053
0.913	0.001	0.085	0.001
0.025	0.973	0.001	0.001
0.001	0.961	0.001	0.037
0.001	0.022	0.001	0.976
0.001	0.922	0.001	0.076
0.070	0.876	0.001	0.053
0.013	0.128	0.034	0.825
0.847	0.117	0.025	0.011
0.001	0.069	0.917	0.013
0.026	0.952	0.021	0.001
>CCGACCGCTCCC	5-CCGACCGCTCCC	11.638100	-27.895018	0	T:52.0(1.82%),B:227.9(0.52%),P:1e-12	Tpos:1155.2,Tstd:438.1,Bpos:1133.5,Bstd:504.8,StrandBias:0.1,Multiplicity:1.00
0.001	0.916	0.001	0.082
0.001	0.997	0.001	0.001
0.069	0.109	0.821	0.001
0.997	0.001	0.001	0.001
0.001	0.779	0.088	0.132
0.078	0.920	0.001	0.001
0.021	0.001	0.859	0.119
0.001	0.997	0.001	0.001
0.001	0.095	0.001	0.903
0.001	0.997	0.001	0.001
0.001	0.894	0.104	0.001
0.001	0.928	0.070	0.001
>CGGCCCGACCGC	6-CGGCCCGACCGC	12.187626	-27.527948	0	T:47.0(1.65%),B:191.5(0.44%),P:1e-11	Tpos:1277.0,Tstd:431.9,Bpos:1235.4,Bstd:458.5,StrandBias:0.3,Multiplicity:1.00
0.001	0.965	0.001	0.033
0.001	0.001	0.894	0.104
0.001	0.001	0.868	0.130
0.001	0.997	0.001	0.001
0.001	0.997	0.001	0.001
0.076	0.919	0.001	0.004
0.018	0.173	0.808	0.001
0.997	0.001	0.001	0.001
0.001	0.732	0.101	0.166
0.092	0.868	0.039	0.001
0.001	0.062	0.794	0.143
0.001	0.867	0.053	0.079
>TTNCTACTGAAC	7-TTNCTACTGAAC	8.166534	-25.460467	0	T:25.0(0.88%),B:57.0(0.13%),P:1e-11	Tpos:777.0,Tstd:502.2,Bpos:715.0,Bstd:382.0,StrandBias:0.3,Multiplicity:1.00
0.267	0.183	0.069	0.481
0.078	0.256	0.059	0.607
0.221	0.208	0.354	0.218
0.264	0.505	0.006	0.225
0.103	0.111	0.104	0.682
0.674	0.073	0.210	0.043
0.132	0.637	0.133	0.098
0.234	0.068	0.041	0.657
0.168	0.113	0.472	0.247
0.591	0.230	0.080	0.099
0.554	0.028	0.167	0.251
0.172	0.414	0.205	0.208
>GCCGTTGCCGCG	8-GCCGTTGCCGCG	11.789322	-24.004416	0	T:54.0(1.89%),B:273.7(0.63%),P:1e-10	Tpos:1381.5,Tstd:304.5,Bpos:1280.7,Bstd:439.4,StrandBias:0.3,Multiplicity:1.04
0.071	0.026	0.902	0.001
0.001	0.989	0.009	0.001
0.001	0.997	0.001	0.001
0.001	0.022	0.976	0.001
0.054	0.074	0.029	0.843
0.024	0.105	0.145	0.726
0.001	0.060	0.885	0.054
0.029	0.899	0.001	0.071
0.001	0.997	0.001	0.001
0.028	0.001	0.970	0.001
0.054	0.919	0.026	0.001
0.070	0.001	0.928	0.001
>TTCAGGAGGAAA	9-TTCAGGAGGAAA	10.221795	-24.001841	0	T:99.0(3.47%),B:702.9(1.62%),P:1e-10	Tpos:777.5,Tstd:447.0,Bpos:817.2,Bstd:476.6,StrandBias:-0.0,Multiplicity:1.03
0.043	0.026	0.057	0.874
0.105	0.033	0.115	0.747
0.091	0.773	0.055	0.081
0.833	0.073	0.036	0.058
0.036	0.059	0.871	0.034
0.062	0.017	0.845	0.076
0.889	0.039	0.037	0.035
0.060	0.080	0.811	0.049
0.047	0.058	0.847	0.048
0.859	0.004	0.082	0.055
0.833	0.051	0.082	0.034
0.823	0.060	0.059	0.058
>TTGTTGGTAGAA	10-TTGTTGGTAGAA	11.576621	-23.717491	0	T:34.0(1.19%),B:119.7(0.27%),P:1e-10	Tpos:619.9,Tstd:420.6,Bpos:770.7,Bstd:458.7,StrandBias:1.1,Multiplicity:1.00
0.001	0.001	0.001	0.997
0.059	0.001	0.001	0.939
0.049	0.032	0.830	0.089
0.059	0.001	0.001	0.939
0.048	0.001	0.001	0.950
0.001	0.078	0.900	0.021
0.049	0.059	0.891	0.001
0.016	0.001	0.095	0.888
0.869	0.001	0.035	0.095
0.102	0.001	0.878	0.019
0.939	0.059	0.001	0.001
0.997	0.001	0.001	0.001
>GCGATGGAGGAA	11-GCGATGGAGGAA	10.728519	-22.915389	0	T:42.0(1.47%),B:183.5(0.42%),P:1e-9	Tpos:1019.7,Tstd:457.7,Bpos:1045.1,Bstd:545.7,StrandBias:-0.1,Multiplicity:1.02
0.001	0.064	0.934	0.001
0.001	0.920	0.034	0.045
0.017	0.001	0.981	0.001
0.813	0.031	0.072	0.084
0.050	0.031	0.001	0.918
0.052	0.001	0.946	0.001
0.001	0.001	0.946	0.052
0.931	0.045	0.023	0.001
0.045	0.001	0.953	0.001
0.050	0.001	0.904	0.045
0.911	0.065	0.023	0.001
0.870	0.065	0.064	0.001
>AGGAGCAGGTAG	12-AGGAGCAGGTAG	10.386903	-21.790057	0	T:49.0(1.72%),B:249.7(0.57%),P:1e-9	Tpos:1030.0,Tstd:475.3,Bpos:1034.3,Bstd:551.2,StrandBias:0.3,Multiplicity:1.02
0.575	0.171	0.224	0.030
0.200	0.026	0.601	0.173
0.034	0.037	0.900	0.029
0.655	0.124	0.035	0.186
0.128	0.143	0.695	0.034
0.039	0.768	0.030	0.163
0.537	0.088	0.117	0.258
0.049	0.025	0.883	0.043
0.025	0.240	0.583	0.152
0.158	0.029	0.201	0.612
0.770	0.157	0.035	0.038
0.139	0.040	0.643	0.178
>CCCCAAATGTGG	13-CCCCAAATGTGG	12.087943	-21.510163	0	T:30.0(1.05%),B:103.6(0.24%),P:1e-9	Tpos:854.3,Tstd:488.8,Bpos:849.1,Bstd:468.3,StrandBias:-0.4,Multiplicity:1.03
0.001	0.960	0.001	0.038
0.001	0.968	0.001	0.030
0.011	0.958	0.001	0.030
0.001	0.935	0.063	0.001
0.935	0.001	0.063	0.001
0.844	0.071	0.021	0.064
0.765	0.023	0.128	0.084
0.001	0.001	0.081	0.917
0.001	0.001	0.960	0.038
0.034	0.001	0.001	0.964
0.057	0.001	0.941	0.001
0.035	0.023	0.878	0.064
>GAGCGGGGAGGA	14-GAGCGGGGAGGA	12.391063	-17.040958	0	T:122.0(4.27%),B:1077.3(2.48%),P:1e-7	Tpos:1156.9,Tstd:404.0,Bpos:1137.5,Bstd:474.1,StrandBias:-0.3,Multiplicity:1.04
0.001	0.001	0.997	0.001
0.850	0.055	0.094	0.001
0.066	0.035	0.898	0.001
0.096	0.779	0.045	0.080
0.001	0.090	0.862	0.047
0.001	0.001	0.997	0.001
0.001	0.001	0.997	0.001
0.001	0.001	0.906	0.092
0.960	0.038	0.001	0.001
0.001	0.001	0.997	0.001
0.001	0.001	0.997	0.001
0.838	0.120	0.041	0.001
>GTCTGCCATGCG	15-GTCTGCCATGCG	12.506005	-16.843979	0	T:13.0(0.46%),B:21.8(0.05%),P:1e-7	Tpos:993.0,Tstd:269.9,Bpos:896.3,Bstd:238.3,StrandBias:1.6,Multiplicity:1.54
0.001	0.001	0.941	0.057
0.001	0.001	0.001	0.997
0.001	0.883	0.040	0.076
0.001	0.001	0.001	0.997
0.001	0.001	0.997	0.001
0.001	0.941	0.001	0.057
0.001	0.865	0.058	0.076
0.913	0.028	0.001	0.058
0.001	0.220	0.001	0.778
0.047	0.001	0.876	0.076
0.019	0.912	0.028	0.041
0.001	0.057	0.941	0.001
>AGTCCGGTACGC	16-AGTCCGGTACGC	13.180970	-16.696942	0	T:12.0(0.42%),B:17.3(0.04%),P:1e-7	Tpos:1175.4,Tstd:482.6,Bpos:1290.0,Bstd:505.7,StrandBias:-0.7,Multiplicity:1.08
0.997	0.001	0.001	0.001
0.001	0.001	0.997	0.001
0.001	0.001	0.001	0.997
0.001	0.947	0.001	0.051
0.001	0.888	0.001	0.110
0.001	0.001	0.915	0.083
0.001	0.110	0.888	0.001
0.001	0.059	0.303	0.637
0.888	0.110	0.001	0.001
0.083	0.915	0.001	0.001
0.001	0.001	0.997	0.001
0.001	0.997	0.001	0.001
>CAATAACATTGA	17-CAATAACATTGA	11.924044	-16.575446	0	T:21.0(0.74%),B:67.5(0.16%),P:1e-7	Tpos:633.7,Tstd:348.0,Bpos:691.5,Bstd:439.2,StrandBias:-1.0,Multiplicity:1.71
0.024	0.908	0.067	0.001
0.997	0.001	0.001	0.001
0.897	0.051	0.051	0.001
0.001	0.021	0.001	0.977
0.926	0.001	0.022	0.051
0.997	0.001	0.001	0.001
0.001	0.997	0.001	0.001
0.997	0.001	0.001	0.001
0.001	0.051	0.036	0.912
0.001	0.067	0.175	0.757
0.122	0.001	0.846	0.031
0.890	0.042	0.036	0.032
>CGGTAGGRTCAG	18-CGGTAGGRTCAG	12.826803	-14.361302	0	T:11.0(0.39%),B:18.2(0.04%),P:1e-6	Tpos:696.7,Tstd:378.8,Bpos:860.0,Bstd:397.8,StrandBias:1.7,Multiplicity:1.55
0.001	0.839	0.159	0.001
0.001	0.001	0.997	0.001
0.001	0.282	0.557	0.160
0.001	0.001	0.001	0.997
0.812	0.001	0.186	0.001
0.001	0.001	0.997	0.001
0.001	0.001	0.997	0.001
0.574	0.001	0.424	0.001
0.001	0.130	0.001	0.868
0.022	0.976	0.001	0.001
0.997	0.001	0.001	0.001
0.122	0.109	0.768	0.001
>TGGTGTGTGMCC	19-TGGTGTGTGMCC	11.605884	-13.973068	0	T:17.0(0.60%),B:53.8(0.12%),P:1e-6	Tpos:856.9,Tstd:460.9,Bpos:1029.2,Bstd:538.8,StrandBias:-1.1,Multiplicity:1.29
0.032	0.055	0.203	0.710
0.048	0.037	0.900	0.015
0.049	0.025	0.868	0.058
0.063	0.019	0.078	0.840
0.068	0.003	0.676	0.253
0.283	0.043	0.020	0.654
0.043	0.057	0.677	0.223
0.013	0.018	0.217	0.752
0.010	0.043	0.908	0.039
0.539	0.437	0.008	0.016
0.284	0.515	0.172	0.029
0.045	0.741	0.029	0.185
>TGATGCAGGGAG	20-TGATGCAGGGAG	11.689220	-12.215524	0	T:11.0(0.39%),B:24.4(0.06%),P:1e-5	Tpos:593.6,Tstd:275.2,Bpos:671.4,Bstd:374.5,StrandBias:2.2,Multiplicity:2.00
0.001	0.079	0.001	0.919
0.056	0.001	0.942	0.001
0.997	0.001	0.001	0.001
0.001	0.001	0.001	0.997
0.066	0.001	0.932	0.001
0.001	0.997	0.001	0.001
0.997	0.001	0.001	0.001
0.001	0.001	0.997	0.001
0.001	0.001	0.997	0.001
0.001	0.001	0.893	0.105
0.997	0.001	0.001	0.001
0.001	0.001	0.997	0.001
>GAGAAGCCATGT	21-GAGAAGCCATGT	11.580313	-11.219032	0	T:28.0(0.98%),B:160.7(0.37%),P:1e-4	Tpos:754.3,Tstd:396.1,Bpos:857.1,Bstd:405.9,StrandBias:1.9,Multiplicity:1.89
0.001	0.019	0.968	0.012
0.955	0.001	0.043	0.001
0.026	0.001	0.972	0.001
0.905	0.063	0.031	0.001
0.997	0.001	0.001	0.001
0.034	0.001	0.964	0.001
0.016	0.982	0.001	0.001
0.024	0.897	0.058	0.021
0.919	0.016	0.044	0.021
0.001	0.026	0.001	0.972
0.030	0.001	0.968	0.001
0.098	0.001	0.037	0.864
>ATATAKTGATGG	22-ATATAKTGATGG	11.818319	-10.913943	0	T:16.0(0.56%),B:62.1(0.14%),P:1e-4	Tpos:710.4,Tstd:434.9,Bpos:685.6,Bstd:366.3,StrandBias:1.4,Multiplicity:1.62
0.997	0.001	0.001	0.001
0.001	0.102	0.109	0.788
0.833	0.001	0.134	0.032
0.001	0.133	0.001	0.865
0.897	0.001	0.101	0.001
0.001	0.001	0.515	0.483
0.410	0.001	0.001	0.588
0.001	0.001	0.997	0.001
0.997	0.001	0.001	0.001
0.001	0.001	0.001	0.997
0.001	0.236	0.629	0.134
0.001	0.001	0.997	0.001
>CCACCCTCACTG	23-CCACCCTCACTG	14.058534	-10.590678	0	T:12.0(0.42%),B:36.2(0.08%),P:1e-4	Tpos:611.0,Tstd:261.4,Bpos:777.5,Bstd:435.3,StrandBias:-1.1,Multiplicity:1.83
0.001	0.997	0.001	0.001
0.001	0.997	0.001	0.001
0.997	0.001	0.001	0.001
0.001	0.997	0.001	0.001
0.001	0.997	0.001	0.001
0.001	0.909	0.001	0.089
0.001	0.001	0.001	0.997
0.118	0.880	0.001	0.001
0.997	0.001	0.001	0.001
0.001	0.997	0.001	0.001
0.001	0.001	0.001	0.997
0.001	0.001	0.997	0.001
>ATCATGTGTAAT	24-ATCATGTGTAAT	12.954547	-9.810723	0	T:9.0(0.32%),B:21.4(0.05%),P:1e-4	Tpos:733.1,Tstd:359.9,Bpos:706.7,Bstd:365.1,StrandBias:3.2,Multiplicity:3.33
0.926	0.001	0.072	0.001
0.001	0.001	0.001	0.997
0.001	0.890	0.001	0.108
0.997	0.001	0.001	0.001
0.001	0.041	0.001	0.957
0.001	0.001	0.997	0.001
0.001	0.001	0.041	0.957
0.001	0.042	0.906	0.051
0.042	0.036	0.001	0.921
0.997	0.001	0.001	0.001
0.997	0.001	0.001	0.001
0.050	0.001	0.001	0.948
>CACAGMCGATCC	25-CACAGMCGATCC	13.472337	-7.748357	0	T:4.0(0.14%),B:3.4(0.01%),P:1e-3	Tpos:1404.8,Tstd:145.3,Bpos:1563.7,Bstd:8.4,StrandBias:1.2,Multiplicity:2.50
0.001	0.855	0.001	0.143
0.699	0.001	0.299	0.001
0.001	0.997	0.001	0.001
0.699	0.001	0.299	0.001
0.001	0.250	0.748	0.001
0.506	0.492	0.001	0.001
0.001	0.997	0.001	0.001
0.001	0.001	0.714	0.284
0.997	0.001	0.001	0.001
0.001	0.001	0.001	0.997
0.001	0.889	0.001	0.109
0.001	0.997	0.001	0.001
>GTATAATC	1-GTATAATC	6.897309	-18.439073	0	T:539.0(18.88%),B:6469.7(14.87%),P:1e-8	Tpos:704.0,Tstd:461.7,Bpos:737.3,Bstd:432.1,StrandBias:-0.2,Multiplicity:1.19
0.084	0.060	0.780	0.076
0.111	0.001	0.001	0.887
0.923	0.039	0.001	0.037
0.080	0.067	0.001	0.852
0.835	0.163	0.001	0.001
0.913	0.001	0.001	0.085
0.073	0.001	0.035	0.891
0.031	0.967	0.001	0.001
>ACGCGAGG	2-ACGCGAGG	4.050282	-13.186428	0	T:849.0(29.74%),B:11206.1(25.75%),P:1e-5	Tpos:1269.1,Tstd:362.7,Bpos:1236.7,Bstd:447.4,StrandBias:0.1,Multiplicity:1.33
0.660	0.338	0.001	0.001
0.001	0.997	0.001	0.001
0.001	0.001	0.997	0.001
0.001	0.997	0.001	0.001
0.001	0.001	0.997	0.001
0.997	0.001	0.001	0.001
0.001	0.001	0.997	0.001
0.001	0.106	0.892	0.001
>TGTAGAGG	3-TGTAGAGG	8.726003	-13.069145	0	T:264.0(9.25%),B:2989.5(6.87%),P:1e-5	Tpos:901.3,Tstd:478.3,Bpos:874.5,Bstd:500.4,StrandBias:-0.2,Multiplicity:1.06
0.001	0.001	0.001	0.997
0.001	0.001	0.997	0.001
0.001	0.001	0.001	0.997
0.861	0.137	0.001	0.001
0.001	0.001	0.997	0.001
0.997	0.001	0.001	0.001
0.001	0.136	0.862	0.001
0.001	0.001	0.815	0.183
>AATTAAAA	4-AATTAAAA	8.772638	-10.492508	0	T:562.0(19.68%),B:7266.8(16.70%),P:1e-4	Tpos:707.0,Tstd:429.0,Bpos:684.7,Bstd:430.1,StrandBias:-0.1,Multiplicity:1.31
0.997	0.001	0.001	0.001
0.997	0.001	0.001	0.001
0.001	0.001	0.001	0.997
0.001	0.001	0.001	0.997
0.699	0.001	0.299	0.001
0.836	0.001	0.001	0.162
0.883	0.001	0.001	0.115
0.997	0.001	0.001	0.001
>CATGTGTA	5-CATGTGTA	9.722249	-5.793383	0	T:125.0(4.38%),B:1464.8(3.37%),P:1e-2	Tpos:732.9,Tstd:419.2,Bpos:761.6,Bstd:443.5,StrandBias:0.5,Multiplicity:1.24
0.001	0.997	0.001	0.001
0.997	0.001	0.001	0.001
0.001	0.260	0.001	0.738
0.001	0.001	0.997	0.001
0.001	0.001	0.001	0.997
0.001	0.001	0.997	0.001
0.001	0.001	0.001	0.997
0.997	0.001	0.001	0.001
>CCCCCCCC	6-CCCCCCCC	8.236954	-3.460472	0	T:172.0(6.02%),B:2260.9(5.20%),P:1e-1	Tpos:928.5,Tstd:458.0,Bpos:978.7,Bstd:528.7,StrandBias:-0.2,Multiplicity:1.10
0.100	0.700	0.100	0.100
0.100	0.700	0.100	0.100
0.100	0.700	0.100	0.100
0.100	0.700	0.100	0.100
0.100	0.700	0.100	0.100
0.100	0.700	0.100	0.100
0.100	0.700	0.100	0.100
0.100	0.700	0.100	0.100
