>AGAGGCACTT	1-AGAGGCACTT	9.227952	-26.891818	0	T:219.0(7.67%),B:1994.6(4.58%),P:1e-11	Tpos:882.5,Tstd:477.1,Bpos:901.7,Bstd:497.6,StrandBias:-0.2,Multiplicity:1.02
0.846	0.066	0.087	0.001
0.001	0.001	0.997	0.001
0.841	0.001	0.157	0.001
0.001	0.019	0.969	0.011
0.032	0.001	0.897	0.070
0.028	0.953	0.001	0.018
0.817	0.116	0.034	0.033
0.023	0.884	0.040	0.053
0.001	0.104	0.024	0.871
0.001	0.016	0.030	0.953
>MCBCCYNBGC	2-MCBCCYNBGC	5.798029	-26.253719	0	T:548.0(19.19%),B:6240.9(14.34%),P:1e-11	Tpos:1171.7,Tstd:425.3,Bpos:1142.1,Bstd:497.1,StrandBias:0.2,Multiplicity:1.14
0.312	0.438	0.017	0.232
0.010	0.655	0.322	0.013
0.186	0.241	0.229	0.344
0.011	0.519	0.342	0.128
0.050	0.564	0.054	0.332
0.224	0.241	0.154	0.381
0.196	0.257	0.221	0.325
0.014	0.417	0.295	0.274
0.234	0.011	0.460	0.295
0.060	0.865	0.012	0.063
>GGTTTAACTC	3-GGTTTAACTC	9.083543	-25.935533	0	T:122.0(4.27%),B:914.8(2.10%),P:1e-11	Tpos:818.0,Tstd:446.9,Bpos:863.4,Bstd:484.7,StrandBias:-0.3,Multiplicity:1.01
0.027	0.001	0.849	0.123
0.028	0.029	0.827	0.116
0.001	0.017	0.001	0.981
0.001	0.001	0.022	0.976
0.024	0.001	0.001	0.974
0.831	0.105	0.033	0.031
0.896	0.010	0.001	0.093
0.043	0.838	0.001	0.118
0.001	0.083	0.001	0.915
0.001	0.997	0.001	0.001
>CTCCACGGTA	4-CTCCACGGTA	9.484852	-24.503137	0	T:93.0(3.26%),B:634.5(1.46%),P:1e-10	Tpos:1003.3,Tstd:455.5,Bpos:995.5,Bstd:499.4,StrandBias:0.1,Multiplicity:1.01
0.046	0.952	0.001	0.001
0.001	0.016	0.063	0.920
0.011	0.949	0.001	0.039
0.001	0.972	0.001	0.026
0.982	0.001	0.016	0.001
0.030	0.911	0.001	0.058
0.030	0.008	0.912	0.050
0.072	0.124	0.719	0.085
0.027	0.154	0.139	0.680
0.997	0.001	0.001	0.001
>ACCATTTATT	5-ACCATTTATT	7.497733	-24.030635	0	T:271.0(9.49%),B:2701.8(6.21%),P:1e-10	Tpos:725.7,Tstd:426.6,Bpos:727.6,Bstd:438.4,StrandBias:0.1,Multiplicity:1.07
0.500	0.202	0.101	0.197
0.230	0.534	0.220	0.016
0.037	0.785	0.074	0.104
0.529	0.247	0.065	0.159
0.012	0.153	0.229	0.606
0.054	0.051	0.045	0.850
0.144	0.177	0.111	0.568
0.651	0.046	0.029	0.274
0.028	0.040	0.160	0.772
0.027	0.226	0.180	0.567
>CCTCAGAGTA	6-CCTCAGAGTA	8.542844	-23.718302	0	T:271.0(9.49%),B:2710.6(6.23%),P:1e-10	Tpos:862.4,Tstd:450.0,Bpos:908.3,Bstd:496.1,StrandBias:0.1,Multiplicity:1.06
0.001	0.885	0.069	0.045
0.049	0.908	0.018	0.025
0.050	0.129	0.001	0.820
0.018	0.964	0.001	0.017
0.829	0.005	0.065	0.101
0.001	0.001	0.958	0.040
0.976	0.001	0.022	0.001
0.019	0.001	0.946	0.034
0.053	0.037	0.093	0.817
0.927	0.071	0.001	0.001
>AGGCTCAGGA	7-AGGCTCAGGA	9.205066	-23.705134	0	T:361.0(12.64%),B:3857.0(8.86%),P:1e-10	Tpos:918.1,Tstd:481.9,Bpos:949.7,Bstd:517.4,StrandBias:-0.1,Multiplicity:1.08
0.908	0.001	0.040	0.051
0.021	0.016	0.962	0.001
0.001	0.001	0.997	0.001
0.001	0.955	0.001	0.043
0.030	0.001	0.078	0.891
0.001	0.876	0.071	0.052
0.839	0.058	0.001	0.102
0.065	0.024	0.896	0.015
0.064	0.032	0.884	0.020
0.821	0.001	0.025	0.153
>TCTCCGTACG	8-TCTCCGTACG	8.293393	-23.400254	0	T:64.0(2.24%),B:367.6(0.84%),P:1e-10	Tpos:1138.3,Tstd:414.2,Bpos:1163.9,Bstd:415.5,StrandBias:0.5,Multiplicity:1.02
0.079	0.038	0.048	0.835
0.235	0.485	0.138	0.142
0.133	0.186	0.008	0.673
0.156	0.625	0.088	0.131
0.001	0.752	0.238	0.009
0.007	0.013	0.915	0.065
0.193	0.110	0.001	0.696
0.549	0.316	0.023	0.112
0.019	0.640	0.330	0.011
0.001	0.147	0.719	0.133
>GCCTATACAC	9-GCCTATACAC	9.761335	-23.007193	0	T:49.0(1.72%),B:239.2(0.55%),P:1e-9	Tpos:893.8,Tstd:505.7,Bpos:888.1,Bstd:516.4,StrandBias:0.2,Multiplicity:1.00
0.041	0.001	0.950	0.008
0.001	0.906	0.092	0.001
0.001	0.997	0.001	0.001
0.001	0.027	0.001	0.971
0.811	0.167	0.001	0.021
0.001	0.027	0.150	0.822
0.811	0.173	0.015	0.001
0.055	0.921	0.009	0.015
0.856	0.050	0.054	0.040
0.001	0.997	0.001	0.001
>TAATTTGGCG	10-TAATTTGGCG	9.124855	-21.260876	0	T:86.0(3.01%),B:607.3(1.40%),P:1e-9	Tpos:904.0,Tstd:459.3,Bpos:785.6,Bstd:483.1,StrandBias:0.1,Multiplicity:1.00
0.012	0.001	0.044	0.943
0.967	0.001	0.031	0.001
0.944	0.054	0.001	0.001
0.001	0.001	0.069	0.929
0.097	0.025	0.001	0.877
0.011	0.039	0.001	0.949
0.008	0.001	0.981	0.010
0.104	0.040	0.835	0.021
0.001	0.774	0.084	0.141
0.001	0.063	0.825	0.111
>TTCTCTGCTG	11-TTCTCTGCTG	9.192808	-21.219961	0	T:377.0(13.20%),B:4156.3(9.55%),P:1e-9	Tpos:910.7,Tstd:500.5,Bpos:911.1,Bstd:501.4,StrandBias:-0.0,Multiplicity:1.08
0.022	0.001	0.039	0.938
0.090	0.034	0.096	0.780
0.024	0.974	0.001	0.001
0.001	0.109	0.001	0.889
0.001	0.895	0.066	0.038
0.030	0.001	0.075	0.894
0.001	0.053	0.945	0.001
0.027	0.971	0.001	0.001
0.106	0.075	0.028	0.791
0.032	0.032	0.916	0.020
>CACTCCCGCC	12-CACTCCCGCC	8.145714	-20.620001	0	T:520.0(18.21%),B:6103.3(14.02%),P:1e-8	Tpos:1204.2,Tstd:406.6,Bpos:1179.8,Bstd:472.6,StrandBias:-0.3,Multiplicity:1.15
0.154	0.621	0.130	0.095
0.665	0.078	0.019	0.238
0.144	0.674	0.180	0.002
0.015	0.165	0.237	0.583
0.116	0.736	0.017	0.131
0.006	0.699	0.165	0.130
0.205	0.644	0.136	0.015
0.004	0.044	0.945	0.007
0.023	0.632	0.253	0.092
0.124	0.704	0.149	0.023
>CAATTTTCCT	13-CAATTTTCCT	9.834304	-20.517652	0	T:202.0(7.08%),B:1947.5(4.47%),P:1e-8	Tpos:796.0,Tstd:453.5,Bpos:770.7,Bstd:439.4,StrandBias:0.1,Multiplicity:1.06
0.059	0.939	0.001	0.001
0.980	0.001	0.018	0.001
0.886	0.048	0.037	0.029
0.107	0.024	0.048	0.821
0.001	0.001	0.001	0.997
0.001	0.018	0.001	0.980
0.001	0.061	0.069	0.869
0.001	0.844	0.047	0.108
0.046	0.905	0.029	0.020
0.001	0.041	0.090	0.868
>GACTAGGTAA	14-GACTAGGTAA	7.149559	-20.108394	0	T:373.0(13.06%),B:4146.5(9.53%),P:1e-8	Tpos:771.8,Tstd:454.1,Bpos:801.8,Bstd:478.9,StrandBias:0.0,Multiplicity:1.09
0.111	0.048	0.740	0.101
0.713	0.076	0.069	0.142
0.074	0.809	0.046	0.071
0.083	0.023	0.064	0.830
0.831	0.046	0.069	0.054
0.075	0.048	0.847	0.030
0.090	0.056	0.791	0.063
0.042	0.058	0.084	0.816
0.818	0.043	0.086	0.053
0.814	0.057	0.044	0.085
>TTCGCCTAGA	15-TTCGCCTAGA	8.923386	-19.774643	0	T:110.0(3.85%),B:887.8(2.04%),P:1e-8	Tpos:947.2,Tstd:448.2,Bpos:940.3,Bstd:517.7,StrandBias:0.2,Multiplicity:1.03
0.001	0.026	0.011	0.962
0.049	0.062	0.001	0.888
0.061	0.814	0.057	0.068
0.088	0.043	0.832	0.037
0.059	0.891	0.010	0.040
0.033	0.965	0.001	0.001
0.029	0.025	0.019	0.927
0.959	0.001	0.001	0.039
0.144	0.001	0.805	0.050
0.981	0.017	0.001	0.001
>CGACCAAAAC	16-CGACCAAAAC	8.824651	-18.678301	0	T:157.0(5.50%),B:1451.8(3.34%),P:1e-8	Tpos:794.3,Tstd:464.0,Bpos:815.0,Bstd:480.1,StrandBias:0.3,Multiplicity:1.03
0.164	0.754	0.001	0.081
0.123	0.089	0.761	0.027
0.955	0.001	0.001	0.043
0.001	0.916	0.069	0.014
0.085	0.863	0.001	0.051
0.984	0.001	0.014	0.001
0.974	0.001	0.024	0.001
0.972	0.026	0.001	0.001
0.859	0.104	0.012	0.025
0.001	0.956	0.001	0.042
>GTCATATGGT	17-GTCATATGGT	8.860419	-17.570506	0	T:80.0(2.80%),B:599.0(1.38%),P:1e-7	Tpos:690.7,Tstd:442.6,Bpos:740.3,Bstd:445.0,StrandBias:-0.1,Multiplicity:1.01
0.001	0.033	0.948	0.018
0.051	0.001	0.059	0.889
0.019	0.950	0.008	0.023
0.969	0.015	0.001	0.015
0.021	0.001	0.001	0.977
0.842	0.065	0.042	0.051
0.015	0.001	0.037	0.947
0.023	0.072	0.891	0.014
0.032	0.050	0.874	0.044
0.064	0.078	0.144	0.714
>CACCCCGTTG	18-CACCCCGTTG	7.194834	-16.854919	0	T:411.0(14.40%),B:4794.0(11.02%),P:1e-7	Tpos:990.1,Tstd:461.5,Bpos:1025.2,Bstd:507.6,StrandBias:-0.2,Multiplicity:1.12
0.050	0.770	0.067	0.113
0.752	0.082	0.078	0.088
0.038	0.811	0.084	0.067
0.051	0.847	0.064	0.038
0.071	0.816	0.066	0.047
0.079	0.829	0.049	0.043
0.073	0.050	0.784	0.093
0.059	0.064	0.035	0.842
0.072	0.085	0.097	0.746
0.080	0.065	0.808	0.047
>AGACTAGATG	19-AGACTAGATG	9.297945	-16.672623	0	T:106.0(3.71%),B:901.3(2.07%),P:1e-7	Tpos:748.8,Tstd:461.1,Bpos:752.5,Bstd:473.1,StrandBias:-0.3,Multiplicity:1.04
0.955	0.001	0.001	0.043
0.153	0.038	0.765	0.044
0.874	0.012	0.064	0.050
0.020	0.861	0.118	0.001
0.022	0.001	0.021	0.956
0.863	0.026	0.063	0.048
0.097	0.001	0.901	0.001
0.997	0.001	0.001	0.001
0.067	0.001	0.044	0.888
0.026	0.001	0.955	0.018
>TAATACATCT	20-TAATACATCT	6.953895	-16.417387	0	T:652.0(22.84%),B:8160.6(18.75%),P:1e-7	Tpos:703.1,Tstd:441.1,Bpos:703.6,Bstd:428.8,StrandBias:0.0,Multiplicity:1.25
0.096	0.027	0.049	0.828
0.791	0.072	0.062	0.075
0.765	0.066	0.061	0.108
0.047	0.089	0.087	0.777
0.795	0.130	0.046	0.029
0.064	0.775	0.083	0.078
0.867	0.049	0.055	0.029
0.075	0.047	0.055	0.823
0.078	0.793	0.070	0.059
0.045	0.140	0.022	0.793
>CTGTGGCTCT	21-CTGTGGCTCT	11.229090	-13.775677	0	T:93.0(3.26%),B:812.6(1.87%),P:1e-5	Tpos:920.6,Tstd:473.1,Bpos:947.9,Bstd:498.2,StrandBias:-0.2,Multiplicity:1.01
0.001	0.881	0.001	0.117
0.001	0.001	0.102	0.896
0.001	0.001	0.997	0.001
0.001	0.001	0.001	0.997
0.001	0.001	0.997	0.001
0.001	0.001	0.997	0.001
0.001	0.997	0.001	0.001
0.001	0.001	0.001	0.997
0.001	0.997	0.001	0.001
0.182	0.001	0.001	0.816
>CCGWACTCCC	22-CCGWACTCCC	11.402602	-13.595481	0	T:40.0(1.40%),B:247.9(0.57%),P:1e-5	Tpos:1011.6,Tstd:414.9,Bpos:1056.9,Bstd:490.8,StrandBias:0.8,Multiplicity:1.02
0.284	0.714	0.001	0.001
0.001	0.997	0.001	0.001
0.001	0.001	0.733	0.265
0.566	0.001	0.001	0.432
0.997	0.001	0.001	0.001
0.001	0.997	0.001	0.001
0.186	0.001	0.001	0.812
0.001	0.997	0.001	0.001
0.001	0.997	0.001	0.001
0.001	0.997	0.001	0.001
>TAAGCCATGT	23-TAAGCCATGT	10.046740	-12.854142	0	T:66.0(2.31%),B:526.5(1.21%),P:1e-5	Tpos:763.5,Tstd:428.0,Bpos:772.2,Bstd:463.5,StrandBias:0.6,Multiplicity:1.20
0.001	0.008	0.167	0.824
0.996	0.001	0.002	0.001
0.997	0.001	0.001	0.001
0.003	0.003	0.846	0.148
0.099	0.768	0.001	0.132
0.011	0.822	0.157	0.010
0.834	0.001	0.164	0.001
0.001	0.001	0.108	0.890
0.001	0.149	0.528	0.322
0.001	0.001	0.001	0.997
>RCCAATAAYA	24-RCCAATAAYA	11.961051	-7.287780	0	T:15.0(0.53%),B:80.7(0.19%),P:1e-3	Tpos:872.1,Tstd:427.8,Bpos:727.7,Bstd:375.0,StrandBias:-2.9,Multiplicity:1.73
0.424	0.001	0.574	0.001
0.001	0.997	0.001	0.001
0.001	0.612	0.386	0.001
0.997	0.001	0.001	0.001
0.997	0.001	0.001	0.001
0.001	0.001	0.001	0.997
0.997	0.001	0.001	0.001
0.997	0.001	0.001	0.001
0.001	0.564	0.001	0.434
0.997	0.001	0.001	0.001
>ATCACGTGTA	25-ATCACGTGTA	7.799641	-6.505668	0	T:172.0(6.02%),B:2063.1(4.74%),P:1e-2	Tpos:850.4,Tstd:435.3,Bpos:821.2,Bstd:472.7,StrandBias:0.6,Multiplicity:1.19
0.854	0.144	0.001	0.001
0.001	0.210	0.001	0.788
0.161	0.735	0.001	0.103
0.997	0.001	0.001	0.001
0.001	0.768	0.001	0.230
0.001	0.001	0.997	0.001
0.001	0.001	0.191	0.807
0.001	0.099	0.899	0.001
0.001	0.197	0.001	0.801
0.997	0.001	0.001	0.001
