>AGTTCCACTGAH	1-AGTTCCACTGAH	12.867823	-23.600431	0	T:6.0(18.75%),B:26.8(0.18%),P:1e-10	Tpos:1311.0,Tstd:156.6,Bpos:937.9,Bstd:495.6,StrandBias:2.3,Multiplicity:1.00
0.997	0.001	0.001	0.001
0.001	0.001	0.997	0.001
0.001	0.001	0.001	0.997
0.001	0.001	0.348	0.650
0.001	0.997	0.001	0.001
0.001	0.997	0.001	0.001
0.690	0.308	0.001	0.001
0.001	0.997	0.001	0.001
0.001	0.001	0.001	0.997
0.348	0.001	0.650	0.001
0.714	0.001	0.001	0.284
0.285	0.406	0.001	0.308
>TCGCAGTACCGT	2-TCGCAGTACCGT	9.516538	-22.986226	0	T:5.0(15.62%),B:11.0(0.07%),P:1e-9	Tpos:1558.2,Tstd:30.7,Bpos:1214.3,Bstd:416.2,StrandBias:-10.0,Multiplicity:1.00
0.001	0.001	0.001	0.997
0.001	0.997	0.001	0.001
0.050	0.001	0.948	0.001
0.141	0.857	0.001	0.001
0.997	0.001	0.001	0.001
0.001	0.001	0.997	0.001
0.001	0.001	0.001	0.997
0.857	0.001	0.001	0.141
0.001	0.997	0.001	0.001
0.001	0.997	0.001	0.001
0.001	0.001	0.954	0.044
0.001	0.001	0.001	0.997
>GGAGAGGTTCTT	3-GGAGAGGTTCTT	10.737933	-22.902387	0	T:8.0(25.00%),B:109.1(0.74%),P:1e-9	Tpos:1075.3,Tstd:398.6,Bpos:1058.2,Bstd:770.0,StrandBias:1.8,Multiplicity:1.12
0.001	0.001	0.997	0.001
0.155	0.001	0.843	0.001
0.646	0.001	0.001	0.352
0.176	0.156	0.667	0.001
0.843	0.155	0.001	0.001
0.176	0.001	0.694	0.129
0.001	0.001	0.997	0.001
0.176	0.176	0.001	0.647
0.001	0.001	0.001	0.997
0.001	0.997	0.001	0.001
0.129	0.001	0.001	0.869
0.001	0.001	0.155	0.843
>GCTTCAACAGTG	4-GCTTCAACAGTG	12.355432	-20.472480	0	T:4.0(12.50%),B:4.1(0.03%),P:1e-8	Tpos:1525.8,Tstd:9.0,Bpos:1541.1,Bstd:6.8,StrandBias:10.0,Multiplicity:1.00
0.100	0.100	0.700	0.100
0.100	0.700	0.100	0.100
0.100	0.100	0.100	0.700
0.100	0.100	0.100	0.700
0.100	0.700	0.100	0.100
0.700	0.100	0.100	0.100
0.700	0.100	0.100	0.100
0.100	0.700	0.100	0.100
0.700	0.100	0.100	0.100
0.100	0.100	0.700	0.100
0.100	0.100	0.100	0.700
0.100	0.100	0.700	0.100
>CTGWAGCTGTGA	5-CTGWAGCTGTGA	11.959975	-20.246854	0	T:8.0(25.00%),B:155.9(1.06%),P:1e-8	Tpos:1292.8,Tstd:431.1,Bpos:974.5,Bstd:697.4,StrandBias:0.0,Multiplicity:1.00
0.001	0.550	0.261	0.188
0.001	0.001	0.001	0.997
0.001	0.001	0.997	0.001
0.550	0.001	0.001	0.448
0.997	0.001	0.001	0.001
0.001	0.001	0.997	0.001
0.001	0.997	0.001	0.001
0.001	0.001	0.001	0.997
0.001	0.001	0.738	0.260
0.240	0.001	0.001	0.758
0.001	0.001	0.738	0.260
0.758	0.001	0.001	0.240
>TCAAACTGGADC	6-TCAAACTGGADC	13.248890	-20.128418	0	T:5.0(15.62%),B:20.4(0.14%),P:1e-8	Tpos:1384.0,Tstd:279.5,Bpos:1228.0,Bstd:450.5,StrandBias:10.0,Multiplicity:1.00
0.001	0.001	0.001	0.997
0.001	0.997	0.001	0.001
0.671	0.001	0.001	0.327
0.709	0.001	0.001	0.289
0.679	0.001	0.001	0.319
0.001	0.997	0.001	0.001
0.001	0.001	0.001	0.997
0.001	0.001	0.997	0.001
0.001	0.001	0.997	0.001
0.997	0.001	0.001	0.001
0.327	0.001	0.344	0.327
0.001	0.671	0.327	0.001
>TACGCAACAGCT	7-TACGCAACAGCT	14.503845	-19.376917	0	T:4.0(12.50%),B:6.0(0.04%),P:1e-8	Tpos:1014.2,Tstd:322.1,Bpos:991.3,Bstd:451.5,StrandBias:-1.6,Multiplicity:1.00
0.220	0.001	0.001	0.778
0.729	0.001	0.269	0.001
0.001	0.997	0.001	0.001
0.001	0.001	0.997	0.001
0.001	0.997	0.001	0.001
0.997	0.001	0.001	0.001
0.997	0.001	0.001	0.001
0.238	0.760	0.001	0.001
0.997	0.001	0.001	0.001
0.001	0.001	0.997	0.001
0.001	0.997	0.001	0.001
0.001	0.001	0.001	0.997
>AAAGTGCTTTCT	8-AAAGTGCTTTCT	13.643189	-19.044272	0	T:6.0(18.75%),B:60.7(0.41%),P:1e-8	Tpos:763.5,Tstd:583.1,Bpos:760.6,Bstd:649.8,StrandBias:0.0,Multiplicity:1.00
0.997	0.001	0.001	0.001
0.997	0.001	0.001	0.001
0.997	0.001	0.001	0.001
0.001	0.001	0.997	0.001
0.001	0.001	0.001	0.997
0.001	0.001	0.997	0.001
0.131	0.761	0.001	0.107
0.001	0.001	0.001	0.997
0.001	0.210	0.210	0.579
0.166	0.001	0.001	0.832
0.001	0.997	0.001	0.001
0.001	0.001	0.001	0.997
>GAAATGAAGGRG	9-GAAATGAAGGRG	9.754363	-18.926265	0	T:10.0(31.25%),B:381.8(2.60%),P:1e-8	Tpos:1303.1,Tstd:402.1,Bpos:1061.1,Bstd:532.3,StrandBias:0.5,Multiplicity:1.20
0.194	0.001	0.803	0.002
0.904	0.045	0.050	0.001
0.822	0.061	0.116	0.001
0.533	0.293	0.001	0.173
0.305	0.062	0.159	0.474
0.175	0.001	0.823	0.001
0.828	0.062	0.055	0.055
0.813	0.125	0.061	0.001
0.171	0.187	0.505	0.137
0.031	0.046	0.920	0.003
0.342	0.002	0.445	0.211
0.031	0.241	0.727	0.001
>GACAGCTCCGCC	10-GACAGCTCCGCC	8.818303	-18.804666	0	T:10.0(31.25%),B:386.1(2.63%),P:1e-8	Tpos:1071.4,Tstd:394.3,Bpos:1169.8,Bstd:561.7,StrandBias:0.5,Multiplicity:1.70
0.121	0.002	0.876	0.001
0.616	0.198	0.053	0.133
0.003	0.508	0.154	0.335
0.742	0.001	0.197	0.060
0.001	0.001	0.898	0.100
0.266	0.673	0.001	0.060
0.001	0.121	0.060	0.818
0.129	0.741	0.129	0.001
0.072	0.806	0.001	0.121
0.001	0.064	0.645	0.290
0.001	0.931	0.001	0.067
0.068	0.927	0.001	0.004
>ACARAATTTKTA	11-ACARAATTTKTA	12.554636	-18.212079	0	T:8.0(25.00%),B:203.4(1.39%),P:1e-7	Tpos:891.3,Tstd:442.3,Bpos:745.7,Bstd:458.9,StrandBias:1.2,Multiplicity:1.25
0.997	0.001	0.001	0.001
0.001	0.787	0.211	0.001
0.997	0.001	0.001	0.001
0.406	0.001	0.408	0.185
0.991	0.001	0.001	0.007
0.997	0.001	0.001	0.001
0.194	0.001	0.001	0.804
0.001	0.001	0.001	0.997
0.001	0.001	0.001	0.997
0.001	0.205	0.459	0.335
0.001	0.001	0.001	0.997
0.610	0.001	0.001	0.388
>GAYCTGTSAKMT	12-GAYCTGTSAKMT	11.281666	-18.185793	0	T:5.0(15.62%),B:31.1(0.21%),P:1e-7	Tpos:1134.0,Tstd:149.2,Bpos:1123.8,Bstd:429.0,StrandBias:1.0,Multiplicity:1.20
0.001	0.001	0.997	0.001
0.997	0.001	0.001	0.001
0.001	0.542	0.001	0.456
0.001	0.935	0.001	0.063
0.001	0.001	0.001	0.997
0.001	0.001	0.997	0.001
0.001	0.001	0.001	0.997
0.001	0.498	0.500	0.001
0.997	0.001	0.001	0.001
0.001	0.001	0.476	0.522
0.542	0.456	0.001	0.001
0.001	0.001	0.001	0.997
>AGGCTGCGAGGG	13-AGGCTGCGAGGG	9.699327	-18.065173	0	T:8.0(25.00%),B:207.3(1.41%),P:1e-7	Tpos:1368.0,Tstd:454.7,Bpos:1226.0,Bstd:530.3,StrandBias:0.0,Multiplicity:1.00
0.579	0.214	0.001	0.206
0.179	0.202	0.412	0.206
0.218	0.004	0.777	0.001
0.003	0.995	0.001	0.001
0.001	0.003	0.001	0.995
0.205	0.001	0.793	0.001
0.007	0.809	0.001	0.183
0.202	0.001	0.793	0.004
0.599	0.202	0.198	0.001
0.001	0.001	0.997	0.001
0.004	0.004	0.991	0.001
0.179	0.226	0.594	0.001
>TKATAYTDGGTT	14-TKATAYTDGGTT	10.566286	-16.984851	0	T:8.0(25.00%),B:239.6(1.63%),P:1e-7	Tpos:746.9,Tstd:503.6,Bpos:875.3,Bstd:640.4,StrandBias:0.0,Multiplicity:1.25
0.013	0.001	0.202	0.784
0.215	0.001	0.457	0.327
0.757	0.001	0.241	0.001
0.001	0.001	0.229	0.769
0.997	0.001	0.001	0.001
0.001	0.459	0.001	0.539
0.001	0.405	0.001	0.593
0.407	0.001	0.329	0.263
0.001	0.001	0.890	0.108
0.001	0.001	0.997	0.001
0.001	0.227	0.001	0.771
0.001	0.001	0.001	0.997
>GATCAAMAAGAT	15-GATCAAMAAGAT	12.972746	-16.253571	0	T:4.0(12.50%),B:17.0(0.12%),P:1e-7	Tpos:1486.0,Tstd:332.8,Bpos:818.4,Bstd:516.4,StrandBias:10.0,Multiplicity:1.00
0.171	0.001	0.827	0.001
0.997	0.001	0.001	0.001
0.149	0.001	0.001	0.849
0.224	0.774	0.001	0.001
0.997	0.001	0.001	0.001
0.997	0.001	0.001	0.001
0.397	0.378	0.224	0.001
0.997	0.001	0.001	0.001
0.813	0.001	0.001	0.185
0.150	0.001	0.663	0.186
0.774	0.001	0.224	0.001
0.001	0.001	0.001	0.997
>ATAGATGAACGC	16-ATAGATGAACGC	7.954086	-15.540211	0	T:9.0(28.12%),B:410.8(2.80%),P:1e-6	Tpos:1159.5,Tstd:507.9,Bpos:1149.7,Bstd:600.3,StrandBias:0.3,Multiplicity:1.22
0.756	0.001	0.001	0.242
0.013	0.225	0.001	0.761
0.984	0.001	0.014	0.001
0.001	0.001	0.997	0.001
0.756	0.001	0.242	0.001
0.242	0.001	0.001	0.756
0.001	0.001	0.997	0.001
0.756	0.242	0.001	0.001
0.756	0.001	0.242	0.001
0.001	0.997	0.001	0.001
0.001	0.242	0.756	0.001
0.001	0.774	0.001	0.224
>ATATTTAAGCAA	17-ATATTTAAGCAA	10.409522	-8.296014	0	T:6.0(18.75%),B:413.9(2.82%),P:1e-3	Tpos:506.9,Tstd:270.7,Bpos:805.6,Bstd:583.2,StrandBias:-1.6,Multiplicity:1.33
0.700	0.100	0.100	0.100
0.100	0.100	0.100	0.700
0.700	0.100	0.100	0.100
0.100	0.100	0.100	0.700
0.100	0.100	0.100	0.700
0.100	0.100	0.100	0.700
0.700	0.100	0.100	0.100
0.700	0.100	0.100	0.100
0.100	0.100	0.700	0.100
0.100	0.700	0.100	0.100
0.700	0.100	0.100	0.100
0.700	0.100	0.100	0.100
>AAATACGAAATA	18-AAATACGAAATA	14.294768	-7.867746	0	T:4.0(12.50%),B:156.3(1.07%),P:1e-3	Tpos:652.0,Tstd:356.6,Bpos:816.1,Bstd:472.0,StrandBias:1.3,Multiplicity:1.75
0.763	0.001	0.001	0.235
0.997	0.001	0.001	0.001
0.997	0.001	0.001	0.001
0.001	0.001	0.001	0.997
0.997	0.001	0.001	0.001
0.001	0.997	0.001	0.001
0.224	0.173	0.473	0.130
0.997	0.001	0.001	0.001
0.997	0.001	0.001	0.001
0.997	0.001	0.001	0.001
0.001	0.001	0.001	0.997
0.997	0.001	0.001	0.001
>TGGCATATATGT	19-TGGCATATATGT	9.662104	-6.254667	0	T:2.0(6.25%),B:28.8(0.20%),P:1e-2	Tpos:620.2,Tstd:250.7,Bpos:897.9,Bstd:463.1,StrandBias:10.0,Multiplicity:4.50
0.001	0.001	0.033	0.965
0.001	0.001	0.997	0.001
0.033	0.001	0.965	0.001
0.001	0.997	0.001	0.001
0.997	0.001	0.001	0.001
0.001	0.001	0.001	0.997
0.997	0.001	0.001	0.001
0.001	0.001	0.001	0.997
0.997	0.001	0.001	0.001
0.001	0.001	0.001	0.997
0.001	0.001	0.997	0.001
0.001	0.001	0.001	0.997
>ACATATATGTCA	20-ACATATATGTCA	14.183905	-4.747008	0	T:1.0(3.12%),B:3.3(0.02%),P:1e-2	Tpos:444.0,Tstd:0.0,Bpos:651.0,Bstd:497.9,StrandBias:-10.0,Multiplicity:1.00
0.646	0.211	0.054	0.089
0.021	0.977	0.001	0.001
0.938	0.001	0.060	0.001
0.077	0.053	0.001	0.869
0.892	0.001	0.001	0.106
0.034	0.090	0.001	0.875
0.919	0.030	0.001	0.050
0.001	0.053	0.001	0.945
0.001	0.001	0.949	0.049
0.001	0.057	0.001	0.941
0.161	0.522	0.146	0.171
0.530	0.194	0.054	0.222
>TGTCAGAAACAT	21-TGTCAGAAACAT	12.355432	-3.941343	0	T:1.0(3.12%),B:8.6(0.06%),P:1e-1	Tpos:1069.0,Tstd:0.0,Bpos:923.2,Bstd:337.7,StrandBias:-10.0,Multiplicity:1.00
0.100	0.100	0.100	0.700
0.100	0.100	0.700	0.100
0.100	0.100	0.100	0.700
0.100	0.700	0.100	0.100
0.700	0.100	0.100	0.100
0.100	0.100	0.700	0.100
0.700	0.100	0.100	0.100
0.700	0.100	0.100	0.100
0.700	0.100	0.100	0.100
0.100	0.700	0.100	0.100
0.700	0.100	0.100	0.100
0.100	0.100	0.100	0.700
>AAACATATATGT	22-AAACATATATGT	15.615085	-3.436826	0	T:1.0(3.12%),B:14.7(0.10%),P:1e-1	Tpos:435.5,Tstd:84.5,Bpos:828.5,Bstd:399.7,StrandBias:-10.0,Multiplicity:2.00
0.997	0.001	0.001	0.001
0.714	0.001	0.181	0.104
0.855	0.001	0.001	0.143
0.001	0.997	0.001	0.001
0.831	0.001	0.167	0.001
0.083	0.001	0.001	0.915
0.997	0.001	0.001	0.001
0.001	0.001	0.001	0.997
0.793	0.001	0.001	0.205
0.001	0.001	0.001	0.997
0.001	0.001	0.997	0.001
0.001	0.001	0.001	0.997
