>CAGTGGAACT	1-CAGTGGAACT	11.232124	-21.756214	0	T:7.0(21.88%),B:74.5(0.51%),P:1e-9	Tpos:1246.0,Tstd:280.7,Bpos:1101.3,Bstd:451.4,StrandBias:-2.6,Multiplicity:1.00
0.001	0.997	0.001	0.001
0.883	0.001	0.001	0.115
0.001	0.001	0.997	0.001
0.001	0.001	0.163	0.835
0.001	0.001	0.889	0.109
0.001	0.001	0.997	0.001
0.997	0.001	0.001	0.001
0.859	0.139	0.001	0.001
0.001	0.997	0.001	0.001
0.001	0.001	0.001	0.997
>GATTGRACGG	2-GATTGRACGG	7.837109	-20.812998	0	T:13.0(40.62%),B:690.4(4.71%),P:1e-9	Tpos:1280.6,Tstd:500.4,Bpos:1126.4,Bstd:480.4,StrandBias:1.7,Multiplicity:1.00
0.077	0.001	0.831	0.091
0.830	0.070	0.099	0.001
0.003	0.009	0.012	0.976
0.001	0.001	0.001	0.997
0.001	0.091	0.765	0.143
0.493	0.001	0.437	0.069
0.738	0.081	0.180	0.001
0.070	0.702	0.159	0.069
0.008	0.077	0.914	0.001
0.089	0.074	0.748	0.089
>CTCTCAGCTT	3-CTCTCAGCTT	9.454972	-18.451854	0	T:12.0(37.50%),B:677.8(4.62%),P:1e-8	Tpos:982.1,Tstd:534.5,Bpos:1030.4,Bstd:584.8,StrandBias:0.2,Multiplicity:1.08
0.001	0.997	0.001	0.001
0.097	0.001	0.001	0.901
0.001	0.554	0.356	0.089
0.285	0.138	0.001	0.576
0.001	0.876	0.122	0.001
0.997	0.001	0.001	0.001
0.138	0.132	0.633	0.097
0.001	0.997	0.001	0.001
0.100	0.001	0.001	0.898
0.001	0.084	0.083	0.832
>GTCGATAACC	4-GTCGATAACC	11.029836	-18.023321	0	T:6.0(18.75%),B:72.4(0.49%),P:1e-7	Tpos:1015.7,Tstd:356.2,Bpos:932.0,Bstd:686.8,StrandBias:0.0,Multiplicity:1.00
0.181	0.001	0.817	0.001
0.001	0.001	0.001	0.997
0.001	0.871	0.001	0.127
0.001	0.181	0.817	0.001
0.823	0.001	0.175	0.001
0.001	0.001	0.001	0.997
0.997	0.001	0.001	0.001
0.997	0.001	0.001	0.001
0.001	0.997	0.001	0.001
0.142	0.856	0.001	0.001
>TCCTCGCAGK	5-TCCTCGCAGK	10.546421	-15.634248	0	T:6.0(18.75%),B:110.8(0.76%),P:1e-6	Tpos:1330.1,Tstd:431.0,Bpos:1299.3,Bstd:505.2,StrandBias:-1.3,Multiplicity:1.17
0.001	0.001	0.275	0.723
0.001	0.770	0.228	0.001
0.001	0.728	0.001	0.270
0.001	0.001	0.001	0.997
0.234	0.764	0.001	0.001
0.001	0.001	0.997	0.001
0.203	0.795	0.001	0.001
0.997	0.001	0.001	0.001
0.001	0.001	0.997	0.001
0.001	0.001	0.511	0.487
>TTGGGGCGGT	6-TTGGGGCGGT	11.373699	-15.474313	0	T:4.0(12.50%),B:20.2(0.14%),P:1e-6	Tpos:1232.2,Tstd:334.5,Bpos:1148.7,Bstd:504.9,StrandBias:0.0,Multiplicity:1.00
0.001	0.001	0.001	0.997
0.001	0.001	0.001	0.997
0.001	0.001	0.997	0.001
0.001	0.235	0.763	0.001
0.174	0.001	0.824	0.001
0.001	0.001	0.997	0.001
0.001	0.997	0.001	0.001
0.001	0.001	0.997	0.001
0.235	0.001	0.763	0.001
0.001	0.001	0.164	0.834
>GGAGATGTTC	7-GGAGATGTTC	9.916833	-15.312195	0	T:7.0(21.88%),B:197.4(1.35%),P:1e-6	Tpos:1177.1,Tstd:578.3,Bpos:969.1,Bstd:684.5,StrandBias:1.6,Multiplicity:1.14
0.001	0.001	0.997	0.001
0.005	0.001	0.993	0.001
0.997	0.001	0.001	0.001
0.192	0.001	0.799	0.008
0.929	0.001	0.069	0.001
0.019	0.001	0.070	0.910
0.332	0.001	0.666	0.001
0.001	0.001	0.387	0.611
0.001	0.001	0.001	0.997
0.001	0.929	0.069	0.001
>GCTTCAACTK	8-GCTTCAACTK	10.760856	-14.618077	0	T:7.0(21.88%),B:219.0(1.49%),P:1e-6	Tpos:1448.3,Tstd:137.5,Bpos:1029.3,Bstd:497.5,StrandBias:2.6,Multiplicity:1.00
0.001	0.001	0.997	0.001
0.001	0.997	0.001	0.001
0.001	0.001	0.001	0.997
0.001	0.001	0.001	0.997
0.001	0.997	0.001	0.001
0.997	0.001	0.001	0.001
0.624	0.001	0.001	0.374
0.001	0.997	0.001	0.001
0.135	0.001	0.001	0.863
0.001	0.001	0.545	0.453
>TTCTGGCGGA	9-TTCTGGCGGA	9.556691	-11.321395	0	T:4.0(12.50%),B:62.3(0.42%),P:1e-4	Tpos:1183.0,Tstd:381.3,Bpos:1194.8,Bstd:490.5,StrandBias:-2.3,Multiplicity:1.50
0.001	0.001	0.001	0.997
0.001	0.001	0.001	0.997
0.139	0.789	0.071	0.001
0.001	0.001	0.209	0.789
0.001	0.001	0.997	0.001
0.001	0.001	0.997	0.001
0.001	0.997	0.001	0.001
0.001	0.001	0.997	0.001
0.001	0.001	0.997	0.001
0.928	0.001	0.070	0.001
>CYCATYCATT	10-CYCATYCATT	9.244062	-11.242822	0	T:7.0(21.88%),B:369.7(2.52%),P:1e-4	Tpos:1268.3,Tstd:375.2,Bpos:1030.6,Bstd:480.6,StrandBias:10.0,Multiplicity:1.00
0.227	0.537	0.195	0.041
0.127	0.456	0.087	0.331
0.001	0.997	0.001	0.001
0.530	0.360	0.109	0.001
0.001	0.001	0.098	0.900
0.096	0.441	0.001	0.462
0.099	0.643	0.001	0.257
0.829	0.001	0.001	0.169
0.096	0.170	0.001	0.733
0.001	0.001	0.001	0.997
>TMSACATATG	11-TMSACATATG	9.248758	-9.129201	0	T:8.0(25.00%),B:704.3(4.80%),P:1e-3	Tpos:838.2,Tstd:508.5,Bpos:906.2,Bstd:680.3,StrandBias:1.7,Multiplicity:1.50
0.001	0.001	0.001	0.997
0.464	0.534	0.001	0.001
0.001	0.464	0.534	0.001
0.997	0.001	0.001	0.001
0.001	0.779	0.001	0.219
0.626	0.372	0.001	0.001
0.001	0.001	0.372	0.626
0.997	0.001	0.001	0.001
0.182	0.001	0.001	0.816
0.001	0.001	0.836	0.162
>AACCAGGCTT	12-AACCAGGCTT	8.350283	-8.351240	0	T:7.0(21.88%),B:587.1(4.00%),P:1e-3	Tpos:992.1,Tstd:447.2,Bpos:939.8,Bstd:505.4,StrandBias:-1.6,Multiplicity:1.14
0.700	0.100	0.100	0.100
0.700	0.100	0.100	0.100
0.100	0.700	0.100	0.100
0.100	0.700	0.100	0.100
0.700	0.100	0.100	0.100
0.100	0.100	0.700	0.100
0.100	0.100	0.700	0.100
0.100	0.700	0.100	0.100
0.100	0.100	0.100	0.700
0.100	0.100	0.100	0.700
>ATATGTCCCA	13-ATATGTCCCA	8.350283	-6.394035	0	T:7.0(21.88%),B:818.9(5.58%),P:1e-2	Tpos:814.8,Tstd:361.3,Bpos:897.0,Bstd:586.6,StrandBias:0.0,Multiplicity:1.71
0.700	0.100	0.100	0.100
0.100	0.100	0.100	0.700
0.700	0.100	0.100	0.100
0.100	0.100	0.100	0.700
0.100	0.100	0.700	0.100
0.100	0.100	0.100	0.700
0.100	0.700	0.100	0.100
0.100	0.700	0.100	0.100
0.100	0.700	0.100	0.100
0.700	0.100	0.100	0.100
>GACATATATG	14-GACATATATG	12.249098	-4.033755	0	T:2.0(6.25%),B:92.6(0.63%),P:1e-1	Tpos:544.6,Tstd:205.2,Bpos:913.5,Bstd:516.9,StrandBias:-0.7,Multiplicity:5.50
0.115	0.304	0.534	0.047
0.741	0.001	0.257	0.001
0.001	0.997	0.001	0.001
0.997	0.001	0.001	0.001
0.056	0.001	0.001	0.942
0.997	0.001	0.001	0.001
0.024	0.001	0.001	0.974
0.978	0.001	0.001	0.020
0.001	0.001	0.001	0.997
0.001	0.001	0.997	0.001
