>CTACGCTTGC	1-CTACGCTTGC	10.505305	-20.264905	0	T:8.0(13.33%),B:146.7(0.53%),P:1e-8	Tpos:918.5,Tstd:441.6,Bpos:927.1,Bstd:517.5,StrandBias:0.7,Multiplicity:1.00
0.175	0.823	0.001	0.001
0.106	0.001	0.001	0.892
0.941	0.057	0.001	0.001
0.001	0.874	0.049	0.076
0.080	0.001	0.855	0.064
0.001	0.886	0.112	0.001
0.001	0.070	0.001	0.928
0.001	0.116	0.001	0.882
0.001	0.001	0.997	0.001
0.001	0.997	0.001	0.001
>ACTAATCCTT	2-ACTAATCCTT	8.552892	-20.087121	0	T:13.0(21.67%),B:664.0(2.41%),P:1e-8	Tpos:735.1,Tstd:480.1,Bpos:805.8,Bstd:474.8,StrandBias:-1.0,Multiplicity:1.15
0.997	0.001	0.001	0.001
0.001	0.833	0.084	0.082
0.053	0.001	0.001	0.945
0.916	0.001	0.001	0.082
0.850	0.080	0.069	0.001
0.001	0.078	0.075	0.846
0.001	0.997	0.001	0.001
0.001	0.915	0.001	0.083
0.001	0.001	0.126	0.872
0.001	0.096	0.001	0.902
>TCAACTCTAG	3-TCAACTCTAG	10.275585	-18.026159	0	T:14.0(23.33%),B:952.1(3.46%),P:1e-7	Tpos:852.4,Tstd:405.1,Bpos:847.5,Bstd:503.5,StrandBias:1.3,Multiplicity:1.21
0.087	0.084	0.001	0.828
0.079	0.856	0.001	0.064
0.839	0.074	0.001	0.086
0.997	0.001	0.001	0.001
0.001	0.997	0.001	0.001
0.001	0.001	0.001	0.997
0.001	0.914	0.001	0.084
0.001	0.144	0.001	0.854
0.997	0.001	0.001	0.001
0.086	0.106	0.807	0.001
>GGGAGGGCTG	4-GGGAGGGCTG	10.535684	-16.253446	0	T:19.0(31.67%),B:2152.7(7.83%),P:1e-7	Tpos:954.6,Tstd:465.8,Bpos:1071.4,Bstd:537.4,StrandBias:1.4,Multiplicity:1.16
0.001	0.001	0.997	0.001
0.001	0.001	0.997	0.001
0.202	0.001	0.796	0.001
0.936	0.025	0.038	0.001
0.058	0.001	0.940	0.001
0.022	0.001	0.852	0.125
0.045	0.032	0.922	0.001
0.001	0.785	0.213	0.001
0.001	0.099	0.001	0.899
0.001	0.093	0.866	0.040
>CCTCCATTTT	5-CCTCCATTTT	9.018234	-15.216665	0	T:21.0(35.00%),B:2811.4(10.22%),P:1e-6	Tpos:774.2,Tstd:485.0,Bpos:850.4,Bstd:495.3,StrandBias:-0.4,Multiplicity:1.24
0.222	0.700	0.077	0.001
0.001	0.871	0.001	0.127
0.001	0.073	0.070	0.856
0.075	0.866	0.001	0.058
0.001	0.997	0.001	0.001
0.782	0.001	0.138	0.079
0.097	0.095	0.201	0.607
0.001	0.001	0.001	0.997
0.001	0.056	0.001	0.942
0.094	0.222	0.095	0.589
>GCAATCAGGA	6-GCAATCAGGA	9.668443	-14.727538	0	T:14.0(23.33%),B:1249.6(4.54%),P:1e-6	Tpos:884.3,Tstd:530.2,Bpos:854.5,Bstd:481.7,StrandBias:0.5,Multiplicity:1.21
0.063	0.028	0.908	0.001
0.044	0.917	0.038	0.001
0.945	0.053	0.001	0.001
0.901	0.045	0.001	0.053
0.001	0.048	0.036	0.915
0.001	0.997	0.001	0.001
0.949	0.001	0.001	0.049
0.075	0.001	0.851	0.073
0.058	0.001	0.859	0.082
0.811	0.083	0.001	0.105
>CCGCACCGAT	7-CCGCACCGAT	10.532738	-14.644020	0	T:8.0(13.33%),B:311.0(1.13%),P:1e-6	Tpos:1021.0,Tstd:546.6,Bpos:1169.6,Bstd:493.0,StrandBias:-1.0,Multiplicity:1.12
0.001	0.997	0.001	0.001
0.001	0.997	0.001	0.001
0.001	0.001	0.873	0.125
0.001	0.997	0.001	0.001
0.890	0.108	0.001	0.001
0.001	0.888	0.110	0.001
0.114	0.725	0.001	0.160
0.001	0.001	0.997	0.001
0.916	0.082	0.001	0.001
0.001	0.115	0.001	0.883
>TAAAAATTGC	8-TAAAAATTGC	10.312705	-14.127158	0	T:9.0(15.00%),B:458.8(1.67%),P:1e-6	Tpos:717.8,Tstd:400.9,Bpos:662.6,Bstd:424.7,StrandBias:-2.0,Multiplicity:1.11
0.001	0.001	0.001	0.997
0.997	0.001	0.001	0.001
0.997	0.001	0.001	0.001
0.810	0.104	0.001	0.085
0.997	0.001	0.001	0.001
0.852	0.077	0.001	0.070
0.065	0.061	0.001	0.873
0.001	0.001	0.059	0.939
0.047	0.065	0.836	0.052
0.050	0.748	0.068	0.134
>GGGATGACGT	9-GGGATGACGT	10.040635	-13.797089	0	T:9.0(15.00%),B:478.0(1.74%),P:1e-5	Tpos:1380.4,Tstd:326.7,Bpos:1062.9,Bstd:469.8,StrandBias:0.8,Multiplicity:1.56
0.083	0.001	0.915	0.001
0.001	0.079	0.919	0.001
0.001	0.094	0.904	0.001
0.997	0.001	0.001	0.001
0.073	0.102	0.178	0.647
0.001	0.001	0.997	0.001
0.912	0.001	0.086	0.001
0.001	0.940	0.001	0.058
0.001	0.001	0.940	0.058
0.098	0.001	0.001	0.900
>AGCGAGCGCG	10-AGCGAGCGCG	9.920992	-12.222671	0	T:14.0(23.33%),B:1548.4(5.63%),P:1e-5	Tpos:1341.1,Tstd:400.6,Bpos:1305.4,Bstd:369.9,StrandBias:0.8,Multiplicity:1.36
0.785	0.164	0.050	0.001
0.001	0.001	0.997	0.001
0.001	0.935	0.063	0.001
0.001	0.201	0.797	0.001
0.997	0.001	0.001	0.001
0.001	0.001	0.997	0.001
0.001	0.997	0.001	0.001
0.001	0.001	0.997	0.001
0.056	0.603	0.340	0.001
0.001	0.001	0.877	0.121
>GCTGCCAGGT	11-GCTGCCAGGT	10.917633	-12.160839	0	T:8.0(13.33%),B:436.5(1.59%),P:1e-5	Tpos:785.0,Tstd:470.2,Bpos:976.5,Bstd:544.9,StrandBias:0.6,Multiplicity:1.25
0.078	0.001	0.920	0.001
0.086	0.837	0.076	0.001
0.001	0.001	0.083	0.915
0.001	0.001	0.997	0.001
0.075	0.923	0.001	0.001
0.001	0.904	0.001	0.094
0.997	0.001	0.001	0.001
0.001	0.001	0.997	0.001
0.001	0.001	0.997	0.001
0.001	0.001	0.001	0.997
>CTTGTCAGTC	12-CTTGTCAGTC	10.140066	-9.791123	0	T:9.0(15.00%),B:793.9(2.89%),P:1e-4	Tpos:1073.8,Tstd:316.3,Bpos:857.4,Bstd:473.4,StrandBias:0.0,Multiplicity:1.33
0.242	0.599	0.001	0.158
0.001	0.186	0.001	0.812
0.124	0.001	0.001	0.874
0.001	0.001	0.997	0.001
0.224	0.162	0.001	0.613
0.001	0.997	0.001	0.001
0.997	0.001	0.001	0.001
0.001	0.001	0.997	0.001
0.233	0.001	0.001	0.765
0.001	0.997	0.001	0.001
>CTGTGAGGGG	13-CTGTGAGGGG	10.296193	-4.511096	0	T:3.0(5.00%),B:208.9(0.76%),P:1e-1	Tpos:360.5,Tstd:410.3,Bpos:1052.9,Bstd:538.2,StrandBias:-2.5,Multiplicity:4.33
0.100	0.700	0.100	0.100
0.100	0.100	0.100	0.700
0.100	0.100	0.700	0.100
0.100	0.100	0.100	0.700
0.100	0.100	0.700	0.100
0.700	0.100	0.100	0.100
0.100	0.100	0.700	0.100
0.100	0.100	0.700	0.100
0.100	0.100	0.700	0.100
0.100	0.100	0.700	0.100
