>ATGACGTC	1-ATGACGTC	7.369955	-9.596606	0	T:21.0(35.00%),B:4009.2(14.58%),P:1e-4	Tpos:1102.8,Tstd:491.6,Bpos:1089.8,Bstd:481.1,StrandBias:0.1,Multiplicity:1.33
0.556	0.309	0.069	0.066
0.068	0.147	0.001	0.784
0.001	0.001	0.997	0.001
0.883	0.115	0.001	0.001
0.001	0.894	0.104	0.001
0.001	0.001	0.997	0.001
0.001	0.001	0.001	0.997
0.001	0.819	0.079	0.101
>AATTTTTA	2-AATTTTTA	8.236954	-9.346763	0	T:14.0(23.33%),B:2008.8(7.30%),P:1e-4	Tpos:768.6,Tstd:392.3,Bpos:674.6,Bstd:398.1,StrandBias:0.7,Multiplicity:1.14
0.700	0.100	0.100	0.100
0.700	0.100	0.100	0.100
0.100	0.100	0.100	0.700
0.100	0.100	0.100	0.700
0.100	0.100	0.100	0.700
0.100	0.100	0.100	0.700
0.100	0.100	0.100	0.700
0.700	0.100	0.100	0.100
>TGTGCGGG	3-TGTGCGGG	8.064483	-8.029234	0	T:19.0(31.67%),B:3805.5(13.84%),P:1e-3	Tpos:1200.1,Tstd:389.5,Bpos:1215.7,Bstd:459.9,StrandBias:-0.5,Multiplicity:1.26
0.001	0.001	0.001	0.997
0.001	0.001	0.997	0.001
0.001	0.369	0.001	0.629
0.081	0.001	0.917	0.001
0.123	0.875	0.001	0.001
0.001	0.347	0.651	0.001
0.001	0.001	0.997	0.001
0.001	0.001	0.849	0.149
>TTCAACAG	4-TTCAACAG	8.236954	-7.866331	0	T:10.0(16.67%),B:1260.3(4.58%),P:1e-3	Tpos:943.5,Tstd:562.7,Bpos:775.5,Bstd:480.2,StrandBias:0.3,Multiplicity:1.10
0.100	0.100	0.100	0.700
0.100	0.100	0.100	0.700
0.100	0.700	0.100	0.100
0.700	0.100	0.100	0.100
0.700	0.100	0.100	0.100
0.100	0.700	0.100	0.100
0.700	0.100	0.100	0.100
0.100	0.100	0.700	0.100
>GTCATGGA	5-GTCATGGA	8.953837	-7.125216	0	T:15.0(25.00%),B:2796.7(10.17%),P:1e-3	Tpos:761.7,Tstd:511.4,Bpos:941.0,Bstd:552.0,StrandBias:0.0,Multiplicity:1.47
0.001	0.001	0.997	0.001
0.001	0.262	0.001	0.736
0.001	0.873	0.001	0.125
0.997	0.001	0.001	0.001
0.001	0.001	0.001	0.997
0.108	0.367	0.524	0.001
0.001	0.001	0.997	0.001
0.997	0.001	0.001	0.001
