>AGGGTGGAATTT	1-AGGGTGGAATTT	13.979878	-23.164697	0	T:6.0(10.00%),B:27.2(0.10%),P:1e-10	Tpos:735.5,Tstd:324.1,Bpos:806.7,Bstd:519.9,StrandBias:0.0,Multiplicity:1.00
0.997	0.001	0.001	0.001
0.001	0.001	0.841	0.157
0.001	0.001	0.997	0.001
0.165	0.001	0.833	0.001
0.001	0.001	0.001	0.997
0.001	0.001	0.997	0.001
0.001	0.001	0.808	0.190
0.681	0.001	0.166	0.152
0.997	0.001	0.001	0.001
0.001	0.001	0.001	0.997
0.001	0.001	0.001	0.997
0.001	0.001	0.001	0.997
>AGACCAACCCCA	2-AGACCAACCCCA	13.986010	-22.785851	0	T:6.0(10.00%),B:29.1(0.11%),P:1e-9	Tpos:1405.0,Tstd:206.5,Bpos:1027.2,Bstd:468.4,StrandBias:0.0,Multiplicity:1.00
0.997	0.001	0.001	0.001
0.001	0.001	0.788	0.210
0.843	0.001	0.001	0.155
0.001	0.800	0.198	0.001
0.001	0.741	0.001	0.257
0.997	0.001	0.001	0.001
0.997	0.001	0.001	0.001
0.001	0.997	0.001	0.001
0.001	0.997	0.001	0.001
0.001	0.997	0.001	0.001
0.001	0.997	0.001	0.001
0.997	0.001	0.001	0.001
>TGTTCTGTCTKG	3-TGTTCTGTCTKG	10.261658	-22.122191	0	T:17.0(28.33%),B:1141.6(4.15%),P:1e-9	Tpos:967.8,Tstd:440.6,Bpos:801.9,Bstd:495.1,StrandBias:0.7,Multiplicity:1.06
0.001	0.001	0.001	0.997
0.001	0.001	0.786	0.212
0.219	0.011	0.001	0.769
0.001	0.001	0.001	0.997
0.152	0.750	0.097	0.001
0.001	0.001	0.001	0.997
0.004	0.340	0.557	0.099
0.001	0.001	0.001	0.997
0.126	0.866	0.001	0.007
0.099	0.001	0.172	0.728
0.001	0.001	0.492	0.506
0.124	0.238	0.584	0.054
>GTGGAGAGAACC	4-GTGGAGAGAACC	13.738536	-21.253249	0	T:7.0(11.67%),B:76.1(0.28%),P:1e-9	Tpos:974.3,Tstd:431.5,Bpos:897.9,Bstd:482.8,StrandBias:-2.6,Multiplicity:1.00
0.001	0.001	0.997	0.001
0.001	0.001	0.001	0.997
0.001	0.001	0.997	0.001
0.001	0.001	0.997	0.001
0.997	0.001	0.001	0.001
0.168	0.001	0.622	0.209
0.997	0.001	0.001	0.001
0.001	0.001	0.997	0.001
0.860	0.001	0.138	0.001
0.997	0.001	0.001	0.001
0.001	0.684	0.106	0.209
0.001	0.997	0.001	0.001
>ACAAGTHCCACT	5-ACAAGTHCCACT	11.594836	-21.051540	0	T:6.0(10.00%),B:40.2(0.15%),P:1e-9	Tpos:784.0,Tstd:346.6,Bpos:886.4,Bstd:453.6,StrandBias:2.3,Multiplicity:1.00
0.767	0.151	0.001	0.081
0.147	0.756	0.089	0.008
0.997	0.001	0.001	0.001
0.872	0.001	0.057	0.070
0.220	0.001	0.628	0.151
0.006	0.001	0.001	0.992
0.325	0.299	0.141	0.235
0.129	0.793	0.077	0.001
0.085	0.757	0.088	0.070
0.836	0.001	0.001	0.162
0.176	0.507	0.077	0.240
0.211	0.008	0.001	0.780
>CAGCGGCTGCGA	6-CAGCGGCTGCGA	13.737691	-21.000450	0	T:7.0(11.67%),B:79.5(0.29%),P:1e-9	Tpos:1200.0,Tstd:399.0,Bpos:1290.0,Bstd:434.0,StrandBias:1.3,Multiplicity:1.00
0.001	0.790	0.208	0.001
0.997	0.001	0.001	0.001
0.001	0.001	0.997	0.001
0.172	0.826	0.001	0.001
0.001	0.001	0.997	0.001
0.001	0.001	0.997	0.001
0.001	0.997	0.001	0.001
0.001	0.001	0.001	0.997
0.001	0.198	0.800	0.001
0.001	0.997	0.001	0.001
0.001	0.135	0.863	0.001
0.873	0.125	0.001	0.001
>TAGACTAACCAA	7-TAGACTAACCAA	11.732466	-21.000450	0	T:7.0(11.67%),B:79.2(0.29%),P:1e-9	Tpos:920.4,Tstd:441.6,Bpos:774.7,Bstd:509.4,StrandBias:-0.4,Multiplicity:1.00
0.160	0.001	0.206	0.633
0.997	0.001	0.001	0.001
0.007	0.001	0.991	0.001
0.799	0.001	0.199	0.001
0.199	0.793	0.001	0.007
0.001	0.001	0.001	0.997
0.575	0.199	0.001	0.225
0.846	0.152	0.001	0.001
0.184	0.814	0.001	0.001
0.001	0.589	0.409	0.001
0.997	0.001	0.001	0.001
0.997	0.001	0.001	0.001
>AGGACTGACAGG	8-AGGACTGACAGG	12.602188	-20.798272	0	T:8.0(13.33%),B:136.2(0.50%),P:1e-9	Tpos:975.2,Tstd:302.9,Bpos:867.5,Bstd:494.7,StrandBias:1.0,Multiplicity:1.12
0.997	0.001	0.001	0.001
0.001	0.225	0.612	0.162
0.332	0.001	0.666	0.001
0.997	0.001	0.001	0.001
0.001	0.997	0.001	0.001
0.001	0.001	0.001	0.997
0.332	0.001	0.666	0.001
0.997	0.001	0.001	0.001
0.001	0.997	0.001	0.001
0.729	0.001	0.001	0.269
0.001	0.001	0.997	0.001
0.001	0.001	0.997	0.001
>ACCACTTGTGCT	9-ACCACTTGTGCT	13.731603	-20.285299	0	T:6.0(10.00%),B:46.3(0.17%),P:1e-8	Tpos:552.7,Tstd:510.8,Bpos:755.7,Bstd:534.2,StrandBias:-1.0,Multiplicity:1.00
0.793	0.001	0.001	0.205
0.001	0.872	0.126	0.001
0.205	0.793	0.001	0.001
0.997	0.001	0.001	0.001
0.001	0.997	0.001	0.001
0.001	0.001	0.001	0.997
0.001	0.001	0.001	0.997
0.001	0.152	0.846	0.001
0.001	0.001	0.001	0.997
0.001	0.001	0.997	0.001
0.001	0.835	0.001	0.163
0.001	0.001	0.001	0.997
>GAGAGTTACTAA	10-GAGAGTTACTAA	14.077150	-20.194505	0	T:5.0(8.33%),B:19.8(0.07%),P:1e-8	Tpos:982.0,Tstd:279.3,Bpos:815.7,Bstd:392.9,StrandBias:-0.6,Multiplicity:1.00
0.001	0.171	0.827	0.001
0.754	0.001	0.001	0.244
0.001	0.001	0.997	0.001
0.997	0.001	0.001	0.001
0.001	0.001	0.997	0.001
0.001	0.001	0.001	0.997
0.001	0.001	0.001	0.997
0.617	0.216	0.001	0.166
0.001	0.997	0.001	0.001
0.001	0.001	0.001	0.997
0.997	0.001	0.001	0.001
0.997	0.001	0.001	0.001
>NAACCCAAGGGN	11-NAACCCAAGGGN	8.234583	-19.922329	0	T:9.0(15.00%),B:228.7(0.83%),P:1e-8	Tpos:1105.9,Tstd:419.5,Bpos:922.5,Bstd:518.2,StrandBias:-2.2,Multiplicity:1.22
0.251	0.230	0.327	0.191
0.627	0.122	0.138	0.113
0.598	0.128	0.153	0.121
0.118	0.591	0.160	0.131
0.130	0.644	0.110	0.116
0.126	0.687	0.081	0.106
0.636	0.148	0.097	0.119
0.637	0.099	0.165	0.099
0.136	0.078	0.692	0.094
0.142	0.091	0.654	0.113
0.133	0.130	0.622	0.115
0.232	0.249	0.236	0.283
>AGCCCCTGGTRA	12-AGCCCCTGGTRA	11.035829	-19.737540	0	T:13.0(21.67%),B:685.0(2.49%),P:1e-8	Tpos:1160.2,Tstd:391.7,Bpos:980.4,Bstd:515.6,StrandBias:0.0,Multiplicity:1.23
0.584	0.311	0.104	0.001
0.001	0.001	0.991	0.007
0.276	0.456	0.266	0.001
0.001	0.854	0.001	0.144
0.001	0.997	0.001	0.001
0.001	0.720	0.001	0.278
0.144	0.174	0.001	0.681
0.001	0.001	0.997	0.001
0.001	0.001	0.997	0.001
0.134	0.001	0.275	0.590
0.513	0.001	0.485	0.001
0.991	0.001	0.001	0.007
>ACCTGGCAGCTA	13-ACCTGGCAGCTA	13.871828	-19.608189	0	T:6.0(10.00%),B:53.0(0.19%),P:1e-8	Tpos:662.6,Tstd:416.7,Bpos:910.2,Bstd:622.9,StrandBias:-0.4,Multiplicity:1.17
0.997	0.001	0.001	0.001
0.001	0.997	0.001	0.001
0.001	0.997	0.001	0.001
0.001	0.001	0.001	0.997
0.001	0.001	0.997	0.001
0.001	0.001	0.997	0.001
0.001	0.997	0.001	0.001
0.997	0.001	0.001	0.001
0.001	0.001	0.832	0.166
0.001	0.997	0.001	0.001
0.143	0.126	0.001	0.730
0.618	0.134	0.121	0.127
>GAGTTACTCATT	14-GAGTTACTCATT	14.218001	-17.613374	0	T:5.0(8.33%),B:34.4(0.13%),P:1e-7	Tpos:526.0,Tstd:414.3,Bpos:796.9,Bstd:392.7,StrandBias:-0.6,Multiplicity:1.00
0.001	0.001	0.997	0.001
0.997	0.001	0.001	0.001
0.001	0.242	0.756	0.001
0.001	0.001	0.001	0.997
0.001	0.001	0.201	0.797
0.646	0.152	0.201	0.001
0.001	0.997	0.001	0.001
0.001	0.001	0.001	0.997
0.001	0.997	0.001	0.001
0.997	0.001	0.001	0.001
0.001	0.001	0.001	0.997
0.001	0.001	0.001	0.997
>TCACATGTGAAT	15-TCACATGTGAAT	13.215496	-16.867758	0	T:4.0(6.67%),B:13.9(0.05%),P:1e-7	Tpos:811.2,Tstd:422.6,Bpos:728.0,Bstd:310.6,StrandBias:0.0,Multiplicity:1.00
0.183	0.001	0.001	0.815
0.001	0.997	0.001	0.001
0.997	0.001	0.001	0.001
0.001	0.879	0.001	0.119
0.526	0.184	0.170	0.120
0.001	0.007	0.006	0.986
0.001	0.001	0.997	0.001
0.001	0.001	0.001	0.997
0.001	0.001	0.997	0.001
0.873	0.001	0.001	0.125
0.536	0.001	0.132	0.331
0.183	0.001	0.191	0.625
>CCTCGGGGTCCG	16-CCTCGGGGTCCG	15.526609	-16.867758	0	T:4.0(6.67%),B:13.3(0.05%),P:1e-7	Tpos:1449.8,Tstd:145.6,Bpos:1424.0,Bstd:335.0,StrandBias:0.0,Multiplicity:1.00
0.001	0.997	0.001	0.001
0.001	0.657	0.001	0.341
0.001	0.001	0.001	0.997
0.001	0.997	0.001	0.001
0.001	0.001	0.997	0.001
0.001	0.001	0.997	0.001
0.001	0.001	0.997	0.001
0.001	0.001	0.997	0.001
0.001	0.001	0.001	0.997
0.001	0.997	0.001	0.001
0.001	0.997	0.001	0.001
0.001	0.001	0.997	0.001
>ACACACAGCCCT	17-ACACACAGCCCT	9.988873	-16.382927	0	T:17.0(28.33%),B:1684.9(6.13%),P:1e-7	Tpos:707.9,Tstd:486.4,Bpos:868.8,Bstd:529.8,StrandBias:0.4,Multiplicity:1.24
0.937	0.028	0.034	0.001
0.051	0.762	0.186	0.001
0.865	0.083	0.051	0.001
0.045	0.869	0.083	0.003
0.666	0.169	0.112	0.053
0.050	0.804	0.037	0.109
0.997	0.001	0.001	0.001
0.001	0.038	0.842	0.119
0.044	0.748	0.103	0.105
0.083	0.843	0.001	0.073
0.049	0.901	0.001	0.049
0.128	0.097	0.001	0.774
>AGTTCAACTCAA	18-AGTTCAACTCAA	10.968891	-16.236572	0	T:8.0(13.33%),B:250.1(0.91%),P:1e-7	Tpos:579.0,Tstd:480.9,Bpos:705.2,Bstd:471.1,StrandBias:0.3,Multiplicity:1.12
0.779	0.001	0.001	0.219
0.001	0.129	0.771	0.099
0.005	0.001	0.146	0.848
0.001	0.001	0.001	0.997
0.001	0.605	0.242	0.152
0.997	0.001	0.001	0.001
0.997	0.001	0.001	0.001
0.001	0.761	0.237	0.001
0.220	0.001	0.001	0.778
0.129	0.866	0.004	0.001
0.736	0.117	0.146	0.001
0.879	0.001	0.119	0.001
>CGCCCGCCCCAC	19-CGCCCGCCCCAC	11.371985	-15.141279	0	T:13.0(21.67%),B:1019.3(3.71%),P:1e-6	Tpos:1286.6,Tstd:355.8,Bpos:1313.2,Bstd:374.6,StrandBias:-0.4,Multiplicity:1.08
0.209	0.603	0.147	0.041
0.001	0.045	0.926	0.028
0.001	0.862	0.136	0.001
0.001	0.997	0.001	0.001
0.054	0.820	0.067	0.059
0.047	0.056	0.854	0.043
0.001	0.890	0.026	0.083
0.001	0.832	0.166	0.001
0.001	0.966	0.001	0.032
0.083	0.895	0.021	0.001
0.515	0.173	0.203	0.109
0.001	0.849	0.149	0.001
>ACACTTAAAAAA	20-ACACTTAAAAAA	12.412250	-14.620670	0	T:7.0(11.67%),B:209.2(0.76%),P:1e-6	Tpos:693.9,Tstd:348.7,Bpos:663.1,Bstd:389.1,StrandBias:0.0,Multiplicity:1.43
0.857	0.141	0.001	0.001
0.099	0.775	0.125	0.001
0.997	0.001	0.001	0.001
0.001	0.917	0.001	0.081
0.001	0.001	0.001	0.997
0.001	0.001	0.001	0.997
0.738	0.142	0.001	0.119
0.825	0.001	0.001	0.173
0.997	0.001	0.001	0.001
0.997	0.001	0.001	0.001
0.997	0.001	0.001	0.001
0.997	0.001	0.001	0.001
>GCCAGCTGTGAG	21-GCCAGCTGTGAG	12.872490	-5.083208	0	T:2.0(3.33%),B:52.1(0.19%),P:1e-2	Tpos:279.8,Tstd:366.9,Bpos:987.9,Bstd:528.5,StrandBias:-10.0,Multiplicity:7.00
0.001	0.001	0.997	0.001
0.001	0.997	0.001	0.001
0.312	0.686	0.001	0.001
0.997	0.001	0.001	0.001
0.158	0.001	0.840	0.001
0.001	0.997	0.001	0.001
0.091	0.001	0.001	0.907
0.001	0.001	0.997	0.001
0.001	0.001	0.001	0.997
0.001	0.001	0.997	0.001
0.997	0.001	0.001	0.001
0.001	0.001	0.997	0.001
