>TRTTCTTAGVCT	1-TRTTCTTAGVCT	12.667330	-27.888336	0	T:10.0(4.37%),B:14.1(0.09%),P:1e-12	Tpos:984.5,Tstd:520.8,Bpos:1081.2,Bstd:505.1,StrandBias:-2.0,Multiplicity:1.00
0.001	0.001	0.001	0.997
0.533	0.001	0.465	0.001
0.001	0.001	0.001	0.997
0.274	0.001	0.001	0.724
0.001	0.997	0.001	0.001
0.001	0.001	0.001	0.997
0.001	0.001	0.001	0.997
0.862	0.136	0.001	0.001
0.001	0.001	0.997	0.001
0.301	0.274	0.423	0.001
0.001	0.997	0.001	0.001
0.001	0.001	0.001	0.997
>TATATAATTCTG	2-TATATAATTCTG	12.829298	-24.679446	0	T:12.0(5.24%),B:42.7(0.28%),P:1e-10	Tpos:630.2,Tstd:332.1,Bpos:996.4,Bstd:423.3,StrandBias:-0.5,Multiplicity:1.00
0.070	0.001	0.001	0.928
0.948	0.001	0.001	0.050
0.001	0.001	0.001	0.997
0.997	0.001	0.001	0.001
0.001	0.083	0.001	0.915
0.855	0.050	0.094	0.001
0.811	0.094	0.094	0.001
0.001	0.001	0.001	0.997
0.076	0.001	0.053	0.870
0.050	0.948	0.001	0.001
0.001	0.112	0.001	0.886
0.041	0.001	0.903	0.055
>CTAAAACCACAG	3-CTAAAACCACAG	9.909069	-24.201308	0	T:38.0(16.59%),B:709.1(4.71%),P:1e-10	Tpos:983.2,Tstd:504.4,Bpos:923.6,Bstd:502.7,StrandBias:0.1,Multiplicity:1.05
0.071	0.678	0.103	0.148
0.014	0.029	0.027	0.930
0.809	0.053	0.078	0.060
0.939	0.001	0.034	0.026
0.933	0.001	0.065	0.001
0.813	0.097	0.089	0.001
0.121	0.629	0.167	0.083
0.043	0.815	0.059	0.083
0.871	0.094	0.001	0.034
0.094	0.879	0.026	0.001
0.977	0.001	0.001	0.021
0.055	0.087	0.735	0.123
>TACAGAGGAGAA	4-TACAGAGGAGAA	12.944626	-23.584443	0	T:11.0(4.80%),B:35.6(0.24%),P:1e-10	Tpos:1071.5,Tstd:424.6,Bpos:1009.7,Bstd:475.5,StrandBias:0.8,Multiplicity:1.00
0.001	0.001	0.001	0.997
0.925	0.001	0.001	0.073
0.099	0.899	0.001	0.001
0.997	0.001	0.001	0.001
0.001	0.001	0.997	0.001
0.899	0.001	0.099	0.001
0.001	0.001	0.899	0.099
0.079	0.001	0.919	0.001
0.997	0.001	0.001	0.001
0.058	0.080	0.861	0.001
0.880	0.001	0.001	0.118
0.801	0.099	0.099	0.001
>AATCAGTTTGCT	5-AATCAGTTTGCT	10.520416	-22.321004	0	T:26.0(11.35%),B:365.3(2.43%),P:1e-9	Tpos:1007.1,Tstd:401.6,Bpos:840.9,Bstd:473.8,StrandBias:0.4,Multiplicity:1.04
0.978	0.020	0.001	0.001
0.751	0.184	0.039	0.026
0.128	0.028	0.051	0.793
0.024	0.728	0.116	0.132
0.792	0.001	0.001	0.206
0.021	0.001	0.878	0.100
0.119	0.032	0.043	0.806
0.001	0.072	0.080	0.847
0.001	0.050	0.001	0.948
0.138	0.062	0.710	0.090
0.067	0.862	0.028	0.043
0.001	0.032	0.051	0.916
>ATAGATCTATAT	6-ATAGATCTATAT	12.898332	-22.303929	0	T:10.0(4.37%),B:29.7(0.20%),P:1e-9	Tpos:948.8,Tstd:413.7,Bpos:777.0,Bstd:462.5,StrandBias:-0.2,Multiplicity:1.00
0.997	0.001	0.001	0.001
0.001	0.092	0.001	0.906
0.997	0.001	0.001	0.001
0.001	0.001	0.997	0.001
0.906	0.092	0.001	0.001
0.001	0.001	0.082	0.916
0.035	0.912	0.001	0.052
0.001	0.001	0.092	0.906
0.813	0.001	0.093	0.093
0.001	0.001	0.001	0.997
0.924	0.001	0.001	0.074
0.001	0.001	0.092	0.906
>TCAATTTCATAC	7-TCAATTTCATAC	11.753324	-22.119712	0	T:13.0(5.68%),B:70.0(0.47%),P:1e-9	Tpos:763.3,Tstd:339.2,Bpos:813.0,Bstd:485.2,StrandBias:0.2,Multiplicity:1.00
0.001	0.134	0.001	0.864
0.001	0.905	0.093	0.001
0.997	0.001	0.001	0.001
0.905	0.093	0.001	0.001
0.001	0.001	0.001	0.997
0.001	0.001	0.001	0.997
0.001	0.001	0.001	0.997
0.066	0.832	0.001	0.101
0.864	0.001	0.001	0.134
0.001	0.001	0.100	0.898
0.879	0.001	0.119	0.001
0.088	0.910	0.001	0.001
>ATATCTGHGGKA	8-ATATCTGHGGKA	9.360168	-21.426250	0	T:21.0(9.17%),B:243.3(1.62%),P:1e-9	Tpos:986.3,Tstd:578.0,Bpos:993.4,Bstd:477.4,StrandBias:-0.3,Multiplicity:1.05
0.555	0.024	0.029	0.392
0.211	0.226	0.166	0.397
0.515	0.255	0.026	0.204
0.027	0.035	0.013	0.925
0.017	0.935	0.047	0.001
0.008	0.035	0.013	0.944
0.021	0.060	0.906	0.013
0.357	0.309	0.044	0.290
0.215	0.037	0.465	0.284
0.227	0.013	0.711	0.049
0.062	0.109	0.482	0.348
0.536	0.140	0.145	0.179
>TYCAKGAAGATC	9-TYCAKGAAGATC	11.776501	-21.303643	0	T:11.0(4.80%),B:45.8(0.30%),P:1e-9	Tpos:1034.0,Tstd:512.0,Bpos:1062.8,Bstd:531.3,StrandBias:1.4,Multiplicity:1.00
0.001	0.001	0.001	0.997
0.001	0.473	0.045	0.482
0.213	0.785	0.001	0.001
0.743	0.255	0.001	0.001
0.001	0.001	0.482	0.516
0.001	0.001	0.997	0.001
0.743	0.001	0.255	0.001
0.997	0.001	0.001	0.001
0.001	0.001	0.997	0.001
0.997	0.001	0.001	0.001
0.001	0.213	0.001	0.785
0.001	0.997	0.001	0.001
>ATATGTAGTAGT	10-ATATGTAGTAGT	12.939057	-21.102396	0	T:11.0(4.80%),B:46.3(0.31%),P:1e-9	Tpos:960.8,Tstd:428.6,Bpos:866.6,Bstd:458.5,StrandBias:0.8,Multiplicity:1.00
0.896	0.001	0.102	0.001
0.001	0.001	0.001	0.997
0.916	0.001	0.082	0.001
0.001	0.001	0.001	0.997
0.001	0.123	0.813	0.063
0.001	0.001	0.001	0.997
0.997	0.001	0.001	0.001
0.066	0.001	0.932	0.001
0.001	0.001	0.001	0.997
0.896	0.001	0.102	0.001
0.071	0.001	0.871	0.057
0.103	0.001	0.103	0.793
>GCTTCAAGAGTG	11-GCTTCAAGAGTG	10.595093	-21.087475	0	T:14.0(6.11%),B:93.7(0.62%),P:1e-9	Tpos:1461.3,Tstd:133.6,Bpos:1107.9,Bstd:502.7,StrandBias:2.0,Multiplicity:1.07
0.003	0.001	0.994	0.002
0.003	0.813	0.003	0.181
0.003	0.090	0.090	0.817
0.089	0.005	0.001	0.905
0.001	0.995	0.002	0.002
0.796	0.001	0.003	0.200
0.664	0.093	0.171	0.072
0.001	0.024	0.974	0.001
0.659	0.001	0.089	0.251
0.001	0.181	0.816	0.002
0.181	0.001	0.089	0.729
0.107	0.079	0.809	0.005
>GAAAATAGGAGT	12-GAAAATAGGAGT	13.495336	-20.045771	0	T:8.0(3.49%),B:17.3(0.12%),P:1e-8	Tpos:1063.1,Tstd:386.9,Bpos:889.6,Bstd:433.1,StrandBias:-0.7,Multiplicity:1.00
0.001	0.001	0.997	0.001
0.997	0.001	0.001	0.001
0.883	0.115	0.001	0.001
0.860	0.001	0.001	0.138
0.767	0.001	0.116	0.116
0.001	0.001	0.001	0.997
0.997	0.001	0.001	0.001
0.001	0.001	0.997	0.001
0.001	0.094	0.789	0.116
0.896	0.102	0.001	0.001
0.001	0.001	0.997	0.001
0.001	0.001	0.058	0.940
>ATCATAAAACCC	13-ATCATAAAACCC	12.943920	-19.976158	0	T:11.0(4.80%),B:52.6(0.35%),P:1e-8	Tpos:1063.5,Tstd:438.4,Bpos:918.2,Bstd:559.4,StrandBias:0.3,Multiplicity:1.00
0.901	0.001	0.001	0.097
0.001	0.001	0.001	0.997
0.155	0.843	0.001	0.001
0.867	0.001	0.131	0.001
0.001	0.001	0.001	0.997
0.997	0.001	0.001	0.001
0.997	0.001	0.001	0.001
0.997	0.001	0.001	0.001
0.997	0.001	0.001	0.001
0.098	0.803	0.098	0.001
0.063	0.935	0.001	0.001
0.001	0.762	0.131	0.106
>CRTCAGTGGMAC	14-CRTCAGTGGMAC	11.632052	-18.601771	0	T:12.0(5.24%),B:77.9(0.52%),P:1e-8	Tpos:1196.8,Tstd:459.3,Bpos:1062.2,Bstd:556.5,StrandBias:-0.5,Multiplicity:1.00
0.001	0.997	0.001	0.001
0.512	0.001	0.486	0.001
0.001	0.001	0.001	0.997
0.001	0.997	0.001	0.001
0.873	0.001	0.001	0.125
0.001	0.001	0.997	0.001
0.300	0.001	0.125	0.574
0.001	0.001	0.997	0.001
0.150	0.150	0.699	0.001
0.548	0.450	0.001	0.001
0.887	0.001	0.111	0.001
0.149	0.849	0.001	0.001
>TCGGCGACCGTV	15-TCGGCGACCGTV	9.690984	-18.136336	0	T:8.0(3.49%),B:23.7(0.16%),P:1e-7	Tpos:1516.6,Tstd:192.5,Bpos:1430.3,Bstd:289.9,StrandBias:0.7,Multiplicity:1.00
0.014	0.001	0.001	0.984
0.001	0.997	0.001	0.001
0.001	0.001	0.986	0.012
0.001	0.001	0.690	0.308
0.001	0.997	0.001	0.001
0.001	0.001	0.997	0.001
0.997	0.001	0.001	0.001
0.323	0.675	0.001	0.001
0.001	0.690	0.308	0.001
0.001	0.015	0.675	0.309
0.001	0.001	0.001	0.997
0.309	0.382	0.309	0.001
>ATTGGTSTTTAC	16-ATTGGTSTTTAC	9.905266	-17.860221	0	T:30.0(13.10%),B:595.5(3.96%),P:1e-7	Tpos:828.4,Tstd:452.3,Bpos:928.4,Bstd:488.0,StrandBias:0.4,Multiplicity:1.17
0.743	0.001	0.088	0.168
0.051	0.001	0.001	0.947
0.001	0.059	0.005	0.935
0.068	0.004	0.876	0.052
0.063	0.310	0.613	0.014
0.134	0.001	0.100	0.765
0.001	0.427	0.302	0.270
0.001	0.001	0.001	0.997
0.001	0.083	0.001	0.915
0.085	0.100	0.001	0.814
0.858	0.067	0.001	0.074
0.001	0.888	0.001	0.110
>AATTTGGGACTG	17-AATTTGGGACTG	13.848979	-17.284388	0	T:7.0(3.06%),B:17.0(0.11%),P:1e-7	Tpos:1025.2,Tstd:332.9,Bpos:705.6,Bstd:556.5,StrandBias:-0.7,Multiplicity:1.14
0.997	0.001	0.001	0.001
0.859	0.001	0.139	0.001
0.001	0.001	0.001	0.997
0.001	0.001	0.001	0.997
0.001	0.001	0.001	0.997
0.173	0.001	0.825	0.001
0.129	0.001	0.696	0.174
0.001	0.001	0.997	0.001
0.997	0.001	0.001	0.001
0.001	0.997	0.001	0.001
0.207	0.001	0.001	0.791
0.001	0.001	0.997	0.001
>MTTCAGCACRTG	18-MTTCAGCACRTG	11.852891	-16.596612	0	T:11.0(4.80%),B:75.7(0.50%),P:1e-7	Tpos:711.3,Tstd:497.5,Bpos:1112.1,Bstd:477.1,StrandBias:1.2,Multiplicity:1.18
0.469	0.364	0.167	0.001
0.001	0.001	0.001	0.997
0.001	0.001	0.021	0.977
0.001	0.997	0.001	0.001
0.663	0.169	0.001	0.167
0.001	0.301	0.697	0.001
0.001	0.997	0.001	0.001
0.797	0.001	0.201	0.001
0.039	0.959	0.001	0.001
0.496	0.001	0.502	0.001
0.001	0.001	0.001	0.997
0.001	0.315	0.683	0.001
>AGCTCAAATCAT	19-AGCTCAAATCAT	12.200501	-16.565416	0	T:13.0(5.68%),B:115.4(0.77%),P:1e-7	Tpos:676.5,Tstd:430.7,Bpos:892.7,Bstd:504.3,StrandBias:0.0,Multiplicity:1.23
0.997	0.001	0.001	0.001
0.195	0.214	0.590	0.001
0.001	0.997	0.001	0.001
0.001	0.001	0.001	0.997
0.082	0.797	0.001	0.120
0.801	0.001	0.001	0.197
0.832	0.001	0.001	0.166
0.997	0.001	0.001	0.001
0.098	0.001	0.001	0.900
0.328	0.670	0.001	0.001
0.997	0.001	0.001	0.001
0.346	0.001	0.001	0.652
>TGCCGCATAATC	20-TGCCGCATAATC	14.146215	-15.574002	0	T:5.0(2.18%),B:5.3(0.04%),P:1e-6	Tpos:624.6,Tstd:334.7,Bpos:878.4,Bstd:474.7,StrandBias:0.6,Multiplicity:1.00
0.001	0.001	0.001	0.997
0.001	0.001	0.997	0.001
0.001	0.997	0.001	0.001
0.001	0.593	0.221	0.185
0.001	0.001	0.997	0.001
0.001	0.997	0.001	0.001
0.997	0.001	0.001	0.001
0.001	0.001	0.221	0.777
0.997	0.001	0.001	0.001
0.997	0.001	0.001	0.001
0.001	0.001	0.001	0.997
0.185	0.813	0.001	0.001
>GGAGCCCACGCY	21-GGAGCCCACGCY	13.660405	-15.227275	0	T:4.0(1.75%),B:1.7(0.01%),P:1e-6	Tpos:1371.8,Tstd:524.7,Bpos:1252.7,Bstd:327.8,StrandBias:10.0,Multiplicity:1.50
0.001	0.001	0.997	0.001
0.001	0.001	0.997	0.001
0.997	0.001	0.001	0.001
0.001	0.001	0.997	0.001
0.001	0.997	0.001	0.001
0.001	0.997	0.001	0.001
0.001	0.997	0.001	0.001
0.874	0.001	0.124	0.001
0.150	0.550	0.150	0.150
0.001	0.001	0.997	0.001
0.001	0.997	0.001	0.001
0.150	0.449	0.001	0.400
>TAAGATTTATTT	22-TAAGATTTATTT	14.404325	-14.244686	0	T:6.0(2.62%),B:17.0(0.11%),P:1e-6	Tpos:932.3,Tstd:291.7,Bpos:957.4,Bstd:449.5,StrandBias:0.0,Multiplicity:1.00
0.083	0.087	0.001	0.829
0.955	0.001	0.004	0.040
0.997	0.001	0.001	0.001
0.001	0.001	0.949	0.049
0.976	0.003	0.001	0.020
0.001	0.001	0.001	0.997
0.184	0.200	0.001	0.615
0.001	0.001	0.001	0.997
0.831	0.054	0.001	0.114
0.038	0.253	0.001	0.708
0.189	0.174	0.051	0.586
0.225	0.001	0.077	0.697
>TCGTGCACGAGC	23-TCGTGCACGAGC	12.262968	-11.852712	0	T:5.0(2.18%),B:15.0(0.10%),P:1e-5	Tpos:1149.9,Tstd:375.6,Bpos:1299.0,Bstd:411.8,StrandBias:-0.2,Multiplicity:2.00
0.001	0.001	0.001	0.997
0.001	0.825	0.001	0.173
0.001	0.001	0.997	0.001
0.194	0.145	0.001	0.660
0.001	0.001	0.997	0.001
0.001	0.997	0.001	0.001
0.843	0.011	0.001	0.145
0.001	0.853	0.001	0.145
0.001	0.001	0.997	0.001
0.997	0.001	0.001	0.001
0.001	0.001	0.997	0.001
0.001	0.651	0.001	0.347
>GATATTTAAGGT	24-GATATTTAAGGT	13.287151	-11.158147	0	T:6.0(2.62%),B:30.8(0.20%),P:1e-4	Tpos:444.9,Tstd:341.9,Bpos:817.2,Bstd:383.3,StrandBias:0.0,Multiplicity:1.67
0.056	0.001	0.942	0.001
0.809	0.001	0.112	0.078
0.001	0.001	0.001	0.997
0.905	0.001	0.001	0.093
0.001	0.001	0.001	0.997
0.001	0.001	0.001	0.997
0.001	0.001	0.150	0.848
0.997	0.001	0.001	0.001
0.887	0.001	0.111	0.001
0.001	0.001	0.942	0.056
0.001	0.001	0.925	0.073
0.001	0.001	0.001	0.997
>TGGCATATATGT	25-TGGCATATATGT	14.026893	-8.248198	0	T:3.0(1.31%),B:6.5(0.04%),P:1e-3	Tpos:651.4,Tstd:415.5,Bpos:830.3,Bstd:530.1,StrandBias:3.0,Multiplicity:3.00
0.001	0.001	0.001	0.997
0.001	0.001	0.997	0.001
0.095	0.001	0.903	0.001
0.001	0.997	0.001	0.001
0.890	0.001	0.108	0.001
0.001	0.001	0.001	0.997
0.890	0.108	0.001	0.001
0.001	0.001	0.001	0.997
0.997	0.001	0.001	0.001
0.001	0.001	0.001	0.997
0.001	0.129	0.869	0.001
0.001	0.001	0.001	0.997
