>AAGTTGAGAG	1-AAGTTGAGAG	7.342331	-24.300486	0	T:41.0(17.90%),B:813.3(5.41%),P:1e-10	Tpos:1050.3,Tstd:486.6,Bpos:1000.3,Bstd:526.4,StrandBias:-0.4,Multiplicity:1.05
0.661	0.139	0.166	0.034
0.637	0.026	0.220	0.117
0.029	0.220	0.605	0.146
0.153	0.199	0.211	0.438
0.032	0.195	0.031	0.742
0.208	0.035	0.727	0.030
0.694	0.033	0.038	0.235
0.112	0.152	0.586	0.150
0.613	0.156	0.205	0.026
0.132	0.196	0.638	0.034
>AGATCGATAT	2-AGATCGATAT	9.338671	-23.581933	0	T:24.0(10.48%),B:289.4(1.92%),P:1e-10	Tpos:986.6,Tstd:468.5,Bpos:975.4,Bstd:491.4,StrandBias:0.2,Multiplicity:1.12
0.958	0.001	0.001	0.040
0.001	0.029	0.969	0.001
0.901	0.038	0.060	0.001
0.048	0.054	0.001	0.897
0.001	0.922	0.022	0.055
0.001	0.001	0.793	0.205
0.939	0.001	0.001	0.059
0.001	0.043	0.001	0.955
0.822	0.098	0.041	0.039
0.046	0.001	0.057	0.896
>TTATGAKGTG	3-TTATGAKGTG	8.748330	-23.111391	0	T:47.0(20.52%),B:1078.0(7.17%),P:1e-10	Tpos:819.4,Tstd:456.9,Bpos:924.9,Bstd:512.9,StrandBias:-0.1,Multiplicity:1.11
0.086	0.001	0.207	0.706
0.130	0.001	0.001	0.868
0.913	0.085	0.001	0.001
0.083	0.001	0.152	0.764
0.044	0.001	0.901	0.054
0.847	0.001	0.001	0.151
0.001	0.001	0.572	0.426
0.122	0.001	0.825	0.052
0.195	0.001	0.001	0.803
0.001	0.187	0.811	0.001
>ATCCKYGTGT	4-ATCCKYGTGT	8.591846	-23.022965	0	T:35.0(15.28%),B:636.0(4.23%),P:1e-9	Tpos:1178.6,Tstd:433.7,Bpos:1091.9,Bstd:512.2,StrandBias:0.1,Multiplicity:1.03
0.743	0.001	0.255	0.001
0.001	0.344	0.021	0.634
0.001	0.854	0.001	0.144
0.001	0.855	0.143	0.001
0.001	0.001	0.540	0.458
0.142	0.447	0.001	0.410
0.001	0.001	0.709	0.289
0.001	0.001	0.001	0.997
0.001	0.256	0.742	0.001
0.142	0.228	0.001	0.629
>TCACACGAAC	5-TCACACGAAC	8.084266	-22.488661	0	T:26.0(11.35%),B:362.2(2.41%),P:1e-9	Tpos:1085.1,Tstd:517.0,Bpos:1079.7,Bstd:479.4,StrandBias:-0.1,Multiplicity:1.04
0.033	0.315	0.028	0.624
0.016	0.544	0.205	0.235
0.847	0.084	0.011	0.058
0.196	0.432	0.156	0.216
0.715	0.006	0.037	0.242
0.049	0.655	0.131	0.165
0.124	0.058	0.808	0.010
0.622	0.167	0.143	0.068
0.580	0.176	0.030	0.214
0.048	0.912	0.014	0.026
>GACAGCGACT	6-GACAGCGACT	7.898457	-19.470803	0	T:22.0(9.61%),B:301.8(2.01%),P:1e-8	Tpos:1345.3,Tstd:373.6,Bpos:1225.0,Bstd:456.6,StrandBias:0.5,Multiplicity:1.09
0.178	0.168	0.621	0.033
0.641	0.035	0.290	0.034
0.041	0.916	0.028	0.015
0.664	0.239	0.060	0.037
0.019	0.260	0.679	0.042
0.036	0.686	0.030	0.248
0.174	0.144	0.504	0.178
0.511	0.230	0.109	0.150
0.020	0.624	0.199	0.157
0.213	0.055	0.236	0.496
>TTCTTCGGGT	7-TTCTTCGGGT	8.310982	-18.919503	0	T:36.0(15.72%),B:785.1(5.22%),P:1e-8	Tpos:977.3,Tstd:517.7,Bpos:1136.2,Bstd:507.3,StrandBias:0.1,Multiplicity:1.11
0.053	0.001	0.011	0.935
0.001	0.001	0.001	0.997
0.071	0.865	0.001	0.063
0.167	0.001	0.176	0.656
0.108	0.095	0.038	0.759
0.001	0.988	0.001	0.010
0.001	0.001	0.958	0.040
0.001	0.001	0.623	0.375
0.001	0.055	0.933	0.011
0.071	0.059	0.001	0.869
>GCCCCCAATC	8-GCCCCCAATC	9.992839	-18.911478	0	T:14.0(6.11%),B:112.8(0.75%),P:1e-8	Tpos:1009.1,Tstd:503.1,Bpos:1116.6,Bstd:486.0,StrandBias:-0.2,Multiplicity:1.07
0.060	0.071	0.868	0.001
0.086	0.912	0.001	0.001
0.001	0.891	0.001	0.107
0.053	0.945	0.001	0.001
0.001	0.917	0.001	0.081
0.070	0.928	0.001	0.001
0.997	0.001	0.001	0.001
0.728	0.108	0.082	0.082
0.001	0.092	0.001	0.906
0.001	0.997	0.001	0.001
>GAATACTTCC	9-GAATACTTCC	9.742144	-18.845791	0	T:20.0(8.73%),B:256.3(1.70%),P:1e-8	Tpos:945.1,Tstd:557.3,Bpos:1048.1,Bstd:464.5,StrandBias:0.0,Multiplicity:1.10
0.030	0.001	0.842	0.127
0.929	0.001	0.001	0.069
0.929	0.001	0.001	0.069
0.001	0.112	0.001	0.886
0.942	0.001	0.056	0.001
0.001	0.904	0.094	0.001
0.120	0.001	0.001	0.878
0.001	0.001	0.001	0.997
0.001	0.890	0.073	0.036
0.038	0.851	0.001	0.110
>AATCTAAAAG	10-AATCTAAAAG	9.945998	-17.076629	0	T:47.0(20.52%),B:1308.1(8.70%),P:1e-7	Tpos:940.0,Tstd:429.7,Bpos:852.1,Bstd:467.5,StrandBias:-1.1,Multiplicity:1.11
0.895	0.049	0.001	0.055
0.842	0.001	0.021	0.136
0.001	0.001	0.001	0.997
0.124	0.663	0.074	0.139
0.224	0.001	0.001	0.774
0.972	0.026	0.001	0.001
0.997	0.001	0.001	0.001
0.997	0.001	0.001	0.001
0.997	0.001	0.001	0.001
0.001	0.040	0.872	0.087
>CCCATACATT	11-CCCATACATT	7.228132	-16.916824	0	T:51.0(22.27%),B:1495.6(9.95%),P:1e-7	Tpos:972.8,Tstd:449.8,Bpos:904.3,Bstd:495.6,StrandBias:-0.1,Multiplicity:1.14
0.054	0.841	0.054	0.051
0.077	0.827	0.021	0.075
0.038	0.815	0.096	0.051
0.841	0.056	0.029	0.074
0.068	0.074	0.042	0.816
0.789	0.086	0.091	0.034
0.063	0.763	0.093	0.081
0.786	0.089	0.051	0.074
0.064	0.119	0.080	0.737
0.083	0.060	0.066	0.791
>CHCATTBACA	12-CHCATTBACA	6.996500	-16.741870	0	T:35.0(15.28%),B:819.0(5.45%),P:1e-7	Tpos:910.7,Tstd:493.6,Bpos:950.0,Bstd:491.3,StrandBias:-0.5,Multiplicity:1.09
0.002	0.902	0.050	0.046
0.257	0.406	0.062	0.275
0.108	0.680	0.032	0.180
0.464	0.257	0.074	0.204
0.163	0.049	0.001	0.787
0.142	0.052	0.317	0.489
0.108	0.244	0.257	0.391
0.531	0.109	0.114	0.246
0.336	0.487	0.072	0.104
0.496	0.099	0.162	0.243
>ATATCCTGCG	13-ATATCCTGCG	10.030351	-16.250714	0	T:14.0(6.11%),B:141.1(0.94%),P:1e-7	Tpos:893.6,Tstd:538.3,Bpos:1119.2,Bstd:481.1,StrandBias:0.6,Multiplicity:1.07
0.895	0.001	0.103	0.001
0.001	0.001	0.064	0.934
0.899	0.053	0.001	0.047
0.043	0.103	0.001	0.853
0.048	0.829	0.072	0.051
0.001	0.997	0.001	0.001
0.001	0.093	0.001	0.905
0.001	0.059	0.939	0.001
0.001	0.970	0.001	0.028
0.064	0.065	0.841	0.030
>GCCATGCGGT	14-GCCATGCGGT	10.148131	-16.118196	0	T:11.0(4.80%),B:79.3(0.53%),P:1e-6	Tpos:1017.1,Tstd:545.3,Bpos:1160.7,Bstd:472.4,StrandBias:0.3,Multiplicity:1.00
0.001	0.001	0.997	0.001
0.186	0.812	0.001	0.001
0.001	0.997	0.001	0.001
0.786	0.001	0.212	0.001
0.001	0.001	0.001	0.997
0.001	0.001	0.707	0.291
0.001	0.606	0.392	0.001
0.001	0.001	0.997	0.001
0.001	0.001	0.917	0.081
0.140	0.146	0.152	0.562
>AGVTGGYTGT	15-AGVTGGYTGT	10.663770	-15.844710	0	T:13.0(5.68%),B:123.7(0.82%),P:1e-6	Tpos:986.3,Tstd:564.2,Bpos:959.1,Bstd:576.8,StrandBias:-0.4,Multiplicity:1.08
0.793	0.125	0.057	0.025
0.001	0.006	0.992	0.001
0.355	0.224	0.244	0.177
0.052	0.067	0.089	0.792
0.001	0.124	0.874	0.001
0.002	0.005	0.992	0.001
0.005	0.431	0.005	0.559
0.001	0.001	0.001	0.997
0.072	0.064	0.863	0.001
0.001	0.161	0.137	0.701
>AACAGCGAAG	16-AACAGCGAAG	9.620651	-15.678730	0	T:23.0(10.04%),B:410.1(2.73%),P:1e-6	Tpos:1225.2,Tstd:418.2,Bpos:1173.9,Bstd:471.6,StrandBias:0.6,Multiplicity:1.14
0.997	0.001	0.001	0.001
0.852	0.089	0.058	0.001
0.092	0.906	0.001	0.001
0.997	0.001	0.001	0.001
0.062	0.064	0.796	0.078
0.001	0.997	0.001	0.001
0.040	0.036	0.923	0.001
0.810	0.156	0.033	0.001
0.958	0.001	0.001	0.040
0.142	0.048	0.809	0.001
>WCTTACTART	17-WCTTACTART	8.293474	-15.296422	0	T:38.0(16.59%),B:995.2(6.62%),P:1e-6	Tpos:998.4,Tstd:502.0,Bpos:918.9,Bstd:500.5,StrandBias:0.1,Multiplicity:1.18
0.471	0.001	0.001	0.527
0.001	0.883	0.115	0.001
0.001	0.001	0.001	0.997
0.001	0.094	0.344	0.561
0.870	0.128	0.001	0.001
0.001	0.635	0.090	0.274
0.379	0.001	0.001	0.619
0.424	0.260	0.123	0.193
0.286	0.243	0.397	0.073
0.001	0.320	0.001	0.678
>CGCAGATGTG	18-CGCAGATGTG	9.580022	-14.763484	0	T:22.0(9.61%),B:399.0(2.65%),P:1e-6	Tpos:1234.5,Tstd:319.0,Bpos:1046.9,Bstd:518.8,StrandBias:0.7,Multiplicity:1.32
0.038	0.831	0.001	0.130
0.001	0.031	0.852	0.116
0.062	0.936	0.001	0.001
0.941	0.001	0.057	0.001
0.025	0.034	0.940	0.001
0.960	0.001	0.001	0.038
0.098	0.001	0.038	0.863
0.001	0.091	0.907	0.001
0.001	0.001	0.001	0.997
0.001	0.051	0.794	0.154
>CTCGTGCACG	19-CTCGTGCACG	9.423712	-14.495305	0	T:18.0(7.86%),B:277.3(1.84%),P:1e-6	Tpos:1198.8,Tstd:376.1,Bpos:1263.3,Bstd:460.9,StrandBias:-0.3,Multiplicity:1.39
0.001	0.997	0.001	0.001
0.001	0.001	0.060	0.938
0.001	0.997	0.001	0.001
0.038	0.001	0.960	0.001
0.092	0.001	0.060	0.847
0.001	0.001	0.946	0.052
0.030	0.916	0.001	0.053
0.697	0.073	0.051	0.179
0.001	0.997	0.001	0.001
0.024	0.048	0.927	0.001
>TATTGAAGGK	20-TATTGAAGGK	9.524727	-14.283149	0	T:28.0(12.23%),B:630.0(4.19%),P:1e-6	Tpos:723.3,Tstd:555.5,Bpos:888.6,Bstd:496.8,StrandBias:0.4,Multiplicity:1.18
0.038	0.001	0.045	0.916
0.920	0.078	0.001	0.001
0.019	0.001	0.031	0.949
0.136	0.001	0.161	0.702
0.001	0.021	0.763	0.215
0.833	0.001	0.044	0.122
0.917	0.059	0.006	0.018
0.001	0.001	0.997	0.001
0.195	0.001	0.560	0.244
0.001	0.230	0.369	0.400
>TTATGAATCA	21-TTATGAATCA	9.153439	-13.379659	0	T:19.0(8.30%),B:333.4(2.22%),P:1e-5	Tpos:731.7,Tstd:427.1,Bpos:854.6,Bstd:471.6,StrandBias:0.0,Multiplicity:1.05
0.001	0.001	0.001	0.997
0.001	0.001	0.001	0.997
0.997	0.001	0.001	0.001
0.001	0.001	0.001	0.997
0.001	0.092	0.906	0.001
0.890	0.108	0.001	0.001
0.926	0.072	0.001	0.001
0.001	0.001	0.001	0.997
0.001	0.997	0.001	0.001
0.997	0.001	0.001	0.001
>GGTAAACACR	22-GGTAAACACR	9.700968	-12.694345	0	T:30.0(13.10%),B:766.1(5.09%),P:1e-5	Tpos:959.1,Tstd:476.0,Bpos:1036.1,Bstd:512.8,StrandBias:-0.1,Multiplicity:1.14
0.001	0.001	0.917	0.081
0.001	0.001	0.997	0.001
0.058	0.001	0.001	0.940
0.997	0.001	0.001	0.001
0.997	0.001	0.001	0.001
0.997	0.001	0.001	0.001
0.001	0.997	0.001	0.001
0.997	0.001	0.001	0.001
0.001	0.699	0.080	0.220
0.298	0.260	0.442	0.001
>AAATTGTTTG	23-AAATTGTTTG	10.181962	-11.297032	0	T:35.0(15.28%),B:1045.3(6.95%),P:1e-4	Tpos:871.9,Tstd:402.1,Bpos:875.0,Bstd:477.6,StrandBias:0.1,Multiplicity:1.23
0.753	0.245	0.001	0.001
0.624	0.001	0.001	0.374
0.997	0.001	0.001	0.001
0.001	0.001	0.001	0.997
0.001	0.001	0.001	0.997
0.001	0.001	0.958	0.040
0.001	0.001	0.313	0.685
0.190	0.251	0.001	0.558
0.001	0.001	0.001	0.997
0.001	0.001	0.997	0.001
>GACATATATS	24-GACATATATS	9.125412	-4.874116	0	T:13.0(5.68%),B:388.9(2.59%),P:1e-2	Tpos:803.6,Tstd:426.5,Bpos:901.6,Bstd:503.3,StrandBias:1.3,Multiplicity:2.08
0.001	0.043	0.955	0.001
0.955	0.001	0.043	0.001
0.001	0.997	0.001	0.001
0.997	0.001	0.001	0.001
0.001	0.001	0.001	0.997
0.997	0.001	0.001	0.001
0.001	0.001	0.001	0.997
0.603	0.001	0.376	0.020
0.001	0.001	0.001	0.997
0.001	0.489	0.509	0.001
