>ACYYCCAT	1-ACYYCCAT	7.766468	-11.886934	0	T:66.0(28.82%),B:2549.8(16.96%),P:1e-5	Tpos:1011.0,Tstd:507.9,Bpos:959.6,Bstd:509.2,StrandBias:-1.0,Multiplicity:1.20
0.997	0.001	0.001	0.001
0.001	0.997	0.001	0.001
0.255	0.338	0.001	0.406
0.001	0.445	0.001	0.553
0.277	0.721	0.001	0.001
0.316	0.485	0.114	0.086
0.896	0.001	0.102	0.001
0.157	0.001	0.022	0.820
>ATGCCCGC	2-ATGCCCGC	8.497933	-11.565585	0	T:14.0(6.11%),B:215.6(1.43%),P:1e-5	Tpos:1172.5,Tstd:579.0,Bpos:1209.8,Bstd:462.7,StrandBias:0.0,Multiplicity:1.00
0.878	0.001	0.001	0.120
0.001	0.001	0.001	0.997
0.001	0.001	0.997	0.001
0.001	0.997	0.001	0.001
0.001	0.997	0.001	0.001
0.001	0.635	0.363	0.001
0.001	0.001	0.997	0.001
0.001	0.997	0.001	0.001
>GGGCACGA	3-GGGCACGA	8.668035	-9.678938	0	T:16.0(6.99%),B:327.2(2.18%),P:1e-4	Tpos:1216.6,Tstd:476.8,Bpos:1174.2,Bstd:489.4,StrandBias:0.7,Multiplicity:1.12
0.018	0.001	0.980	0.001
0.136	0.001	0.750	0.113
0.039	0.001	0.959	0.001
0.001	0.925	0.001	0.073
0.790	0.001	0.208	0.001
0.001	0.900	0.056	0.043
0.001	0.206	0.792	0.001
0.929	0.069	0.001	0.001
>CGTGCTCG	4-CGTGCTCG	7.973171	-9.650959	0	T:27.0(11.79%),B:770.7(5.13%),P:1e-4	Tpos:1169.0,Tstd:438.1,Bpos:1227.1,Bstd:460.7,StrandBias:0.3,Multiplicity:1.26
0.001	0.997	0.001	0.001
0.001	0.001	0.997	0.001
0.001	0.001	0.001	0.997
0.001	0.001	0.997	0.001
0.001	0.930	0.001	0.068
0.334	0.001	0.001	0.664
0.001	0.917	0.081	0.001
0.102	0.001	0.896	0.001
>CATATATG	5-CATATATG	8.236954	-0.376908	0	T:6.0(2.62%),B:451.2(3.00%),P:1e0	Tpos:665.6,Tstd:301.5,Bpos:878.2,Bstd:490.8,StrandBias:0.0,Multiplicity:3.33
0.100	0.700	0.100	0.100
0.700	0.100	0.100	0.100
0.100	0.100	0.100	0.700
0.700	0.100	0.100	0.100
0.100	0.100	0.100	0.700
0.700	0.100	0.100	0.100
0.100	0.100	0.100	0.700
0.100	0.100	0.700	0.100
