>CCAGCCCCACCC	1-CCAGCCCCACCC	9.808157	-32.182856	0	T:120.0(10.01%),B:2082.8(4.59%),P:1e-13	Tpos:1095.0,Tstd:430.2,Bpos:1080.2,Bstd:516.6,StrandBias:-0.5,Multiplicity:1.03
0.028	0.444	0.245	0.283
0.047	0.869	0.040	0.044
0.494	0.269	0.214	0.023
0.244	0.024	0.504	0.228
0.025	0.731	0.201	0.043
0.025	0.661	0.283	0.031
0.058	0.856	0.042	0.044
0.137	0.777	0.046	0.040
0.564	0.133	0.031	0.272
0.030	0.639	0.301	0.030
0.023	0.496	0.223	0.259
0.037	0.590	0.142	0.231
>TGAGGAACTCCC	2-TGAGGAACTCCC	11.350633	-30.467728	0	T:34.0(2.84%),B:242.2(0.53%),P:1e-13	Tpos:741.1,Tstd:467.1,Bpos:865.7,Bstd:483.9,StrandBias:0.5,Multiplicity:1.00
0.151	0.001	0.107	0.741
0.001	0.065	0.933	0.001
0.935	0.063	0.001	0.001
0.216	0.001	0.782	0.001
0.001	0.132	0.866	0.001
0.994	0.001	0.004	0.001
0.879	0.119	0.001	0.001
0.162	0.647	0.001	0.190
0.001	0.001	0.001	0.997
0.367	0.631	0.001	0.001
0.050	0.712	0.071	0.167
0.102	0.896	0.001	0.001
>TTCTGAGAGAAA	3-TTCTGAGAGAAA	9.576181	-28.523495	0	T:120.0(10.01%),B:2203.2(4.85%),P:1e-12	Tpos:810.1,Tstd:485.0,Bpos:771.3,Bstd:453.8,StrandBias:0.2,Multiplicity:1.13
0.076	0.066	0.064	0.794
0.013	0.027	0.069	0.891
0.067	0.823	0.074	0.036
0.025	0.043	0.001	0.931
0.074	0.080	0.757	0.089
0.910	0.001	0.052	0.037
0.081	0.060	0.827	0.032
0.899	0.008	0.005	0.088
0.105	0.084	0.714	0.097
0.798	0.096	0.079	0.027
0.864	0.010	0.064	0.062
0.798	0.063	0.071	0.068
>GCTTTCCAGAGA	4-GCTTTCCAGAGA	11.737641	-28.375424	0	T:42.0(3.50%),B:398.5(0.88%),P:1e-12	Tpos:827.2,Tstd:480.1,Bpos:908.5,Bstd:537.9,StrandBias:-0.3,Multiplicity:1.05
0.001	0.001	0.824	0.174
0.004	0.874	0.121	0.001
0.001	0.001	0.001	0.997
0.001	0.129	0.001	0.869
0.001	0.001	0.001	0.997
0.001	0.866	0.132	0.001
0.244	0.611	0.001	0.144
0.997	0.001	0.001	0.001
0.001	0.001	0.997	0.001
0.435	0.186	0.172	0.207
0.001	0.001	0.997	0.001
0.542	0.133	0.255	0.070
>AAGGACAGCACT	5-AAGGACAGCACT	9.791465	-27.676574	0	T:28.0(2.34%),B:179.8(0.40%),P:1e-12	Tpos:999.6,Tstd:437.9,Bpos:884.2,Bstd:483.7,StrandBias:0.8,Multiplicity:1.00
0.859	0.049	0.054	0.038
0.693	0.038	0.045	0.224
0.195	0.158	0.616	0.031
0.291	0.039	0.631	0.039
0.699	0.038	0.226	0.037
0.162	0.618	0.185	0.035
0.548	0.022	0.175	0.255
0.040	0.239	0.691	0.030
0.048	0.668	0.029	0.255
0.406	0.175	0.212	0.207
0.058	0.695	0.210	0.037
0.293	0.041	0.031	0.635
>AGTGGCTTTTTG	6-AGTGGCTTTTTG	12.046901	-27.559381	0	T:27.0(2.25%),B:166.1(0.37%),P:1e-11	Tpos:982.7,Tstd:432.2,Bpos:862.9,Bstd:499.1,StrandBias:-0.8,Multiplicity:1.04
0.942	0.056	0.001	0.001
0.098	0.042	0.835	0.025
0.101	0.080	0.001	0.818
0.001	0.079	0.919	0.001
0.001	0.052	0.895	0.052
0.069	0.891	0.001	0.039
0.001	0.001	0.001	0.997
0.001	0.041	0.001	0.957
0.001	0.001	0.079	0.919
0.001	0.028	0.001	0.970
0.001	0.001	0.034	0.964
0.045	0.025	0.911	0.019
>GAGGCACGGACC	7-GAGGCACGGACC	10.488105	-26.756107	0	T:24.0(2.00%),B:132.4(0.29%),P:1e-11	Tpos:911.6,Tstd:495.3,Bpos:1024.4,Bstd:565.6,StrandBias:0.0,Multiplicity:1.00
0.017	0.244	0.716	0.023
0.672	0.136	0.021	0.171
0.025	0.258	0.690	0.027
0.039	0.038	0.882	0.041
0.010	0.782	0.179	0.029
0.670	0.116	0.051	0.163
0.028	0.736	0.021	0.215
0.172	0.168	0.621	0.039
0.046	0.171	0.764	0.019
0.750	0.183	0.036	0.031
0.030	0.778	0.180	0.012
0.128	0.507	0.182	0.183
>AACAKRGAAAGW	8-AACAKRGAAAGW	9.486921	-26.004983	0	T:44.0(3.67%),B:469.6(1.03%),P:1e-11	Tpos:754.9,Tstd:501.5,Bpos:773.1,Bstd:447.0,StrandBias:-0.1,Multiplicity:1.05
0.548	0.382	0.040	0.030
0.442	0.289	0.238	0.031
0.391	0.594	0.001	0.014
0.529	0.048	0.069	0.354
0.027	0.048	0.526	0.399
0.498	0.046	0.393	0.063
0.370	0.030	0.560	0.040
0.551	0.028	0.392	0.029
0.799	0.093	0.064	0.044
0.887	0.001	0.041	0.071
0.001	0.050	0.859	0.090
0.404	0.251	0.049	0.296
>GCAGGYKTTTTC	9-GCAGGYKTTTTC	10.199332	-25.951225	0	T:29.0(2.42%),B:209.6(0.46%),P:1e-11	Tpos:1133.3,Tstd:478.8,Bpos:892.9,Bstd:454.4,StrandBias:0.7,Multiplicity:1.00
0.023	0.223	0.516	0.238
0.031	0.903	0.052	0.014
0.908	0.043	0.023	0.026
0.023	0.233	0.516	0.228
0.025	0.059	0.865	0.051
0.020	0.442	0.213	0.325
0.025	0.217	0.445	0.312
0.019	0.217	0.050	0.714
0.022	0.141	0.030	0.807
0.020	0.215	0.024	0.741
0.180	0.030	0.033	0.757
0.208	0.501	0.277	0.014
>TCCCGTGGGCGC	10-TCCCGTGGGCGC	12.554544	-25.839035	0	T:22.0(1.83%),B:113.3(0.25%),P:1e-11	Tpos:1146.3,Tstd:409.4,Bpos:1138.7,Bstd:473.8,StrandBias:0.5,Multiplicity:1.00
0.132	0.029	0.019	0.820
0.001	0.924	0.001	0.074
0.035	0.938	0.001	0.026
0.001	0.932	0.066	0.001
0.001	0.001	0.997	0.001
0.001	0.027	0.133	0.839
0.044	0.068	0.887	0.001
0.001	0.001	0.937	0.061
0.001	0.001	0.997	0.001
0.001	0.948	0.050	0.001
0.030	0.032	0.896	0.042
0.001	0.924	0.001	0.074
>TAKGCAAATCAC	11-TAKGCAAATCAC	12.297108	-25.176385	0	T:18.0(1.50%),B:71.1(0.16%),P:1e-10	Tpos:1004.3,Tstd:402.6,Bpos:695.5,Bstd:515.8,StrandBias:0.5,Multiplicity:1.06
0.001	0.001	0.001	0.997
0.658	0.001	0.111	0.230
0.001	0.001	0.518	0.480
0.001	0.001	0.838	0.160
0.001	0.707	0.095	0.197
0.642	0.095	0.001	0.262
0.997	0.001	0.001	0.001
0.693	0.001	0.001	0.305
0.001	0.001	0.001	0.997
0.001	0.997	0.001	0.001
0.997	0.001	0.001	0.001
0.001	0.997	0.001	0.001
>AGCATTAGAAGA	12-AGCATTAGAAGA	9.661547	-24.012347	0	T:54.0(4.50%),B:710.7(1.57%),P:1e-10	Tpos:753.1,Tstd:469.2,Bpos:728.5,Bstd:454.9,StrandBias:-0.3,Multiplicity:1.04
0.789	0.091	0.038	0.082
0.079	0.025	0.860	0.036
0.061	0.813	0.060	0.066
0.870	0.077	0.010	0.043
0.075	0.075	0.051	0.799
0.088	0.090	0.043	0.779
0.828	0.039	0.094	0.039
0.015	0.087	0.838	0.060
0.910	0.037	0.052	0.001
0.810	0.024	0.113	0.053
0.051	0.028	0.850	0.071
0.861	0.058	0.026	0.055
>AGGTCTGAAACA	13-AGGTCTGAAACA	12.066558	-23.647217	0	T:24.0(2.00%),B:156.0(0.34%),P:1e-10	Tpos:629.5,Tstd:397.3,Bpos:861.5,Bstd:458.8,StrandBias:0.7,Multiplicity:1.00
0.997	0.001	0.001	0.001
0.001	0.001	0.997	0.001
0.001	0.001	0.964	0.034
0.185	0.001	0.001	0.813
0.001	0.905	0.056	0.038
0.084	0.001	0.001	0.914
0.107	0.046	0.846	0.001
0.874	0.076	0.049	0.001
0.970	0.001	0.028	0.001
0.889	0.061	0.001	0.049
0.032	0.966	0.001	0.001
0.905	0.038	0.001	0.056
>CCCTCTTCCTAA	14-CCCTCTTCCTAA	11.531361	-23.136052	0	T:34.0(2.84%),B:324.3(0.71%),P:1e-10	Tpos:889.6,Tstd:421.4,Bpos:913.5,Bstd:440.4,StrandBias:-0.3,Multiplicity:1.06
0.002	0.896	0.001	0.101
0.223	0.775	0.001	0.001
0.001	0.997	0.001	0.001
0.061	0.004	0.001	0.934
0.175	0.823	0.001	0.001
0.001	0.148	0.001	0.850
0.183	0.127	0.001	0.689
0.001	0.817	0.181	0.001
0.001	0.997	0.001	0.001
0.112	0.063	0.150	0.675
0.783	0.001	0.132	0.084
0.769	0.121	0.109	0.001
>CGGCCCCAGCTC	15-CGGCCCCAGCTC	11.322236	-22.500715	0	T:83.0(6.92%),B:1440.5(3.17%),P:1e-9	Tpos:1152.1,Tstd:443.5,Bpos:1164.3,Bstd:474.4,StrandBias:-0.1,Multiplicity:1.05
0.023	0.887	0.055	0.035
0.036	0.001	0.962	0.001
0.001	0.036	0.944	0.019
0.023	0.930	0.023	0.024
0.001	0.873	0.001	0.125
0.018	0.936	0.033	0.013
0.001	0.978	0.020	0.001
0.865	0.028	0.075	0.032
0.001	0.023	0.975	0.001
0.026	0.917	0.056	0.001
0.065	0.001	0.001	0.933
0.043	0.821	0.050	0.086
>CTCRGCSSGGGA	16-CTCRGCSSGGGA	10.668407	-21.355684	0	T:40.0(3.34%),B:466.9(1.03%),P:1e-9	Tpos:1202.6,Tstd:433.0,Bpos:1174.9,Bstd:457.3,StrandBias:0.6,Multiplicity:1.05
0.001	0.902	0.012	0.085
0.004	0.196	0.212	0.588
0.254	0.744	0.001	0.001
0.433	0.001	0.565	0.001
0.001	0.004	0.994	0.001
0.001	0.997	0.001	0.001
0.194	0.354	0.449	0.003
0.004	0.564	0.431	0.001
0.013	0.078	0.667	0.242
0.001	0.001	0.704	0.294
0.217	0.236	0.546	0.001
0.524	0.012	0.197	0.267
>CGACTCGGCGCC	17-CGACTCGGCGCC	12.052779	-19.203656	0	T:23.0(1.92%),B:183.9(0.41%),P:1e-8	Tpos:1200.3,Tstd:411.9,Bpos:1317.9,Bstd:437.3,StrandBias:-0.8,Multiplicity:1.09
0.001	0.927	0.015	0.057
0.001	0.032	0.966	0.001
0.687	0.001	0.106	0.206
0.001	0.997	0.001	0.001
0.001	0.001	0.001	0.997
0.001	0.997	0.001	0.001
0.167	0.030	0.802	0.001
0.157	0.028	0.726	0.089
0.092	0.906	0.001	0.001
0.001	0.040	0.958	0.001
0.001	0.997	0.001	0.001
0.001	0.890	0.108	0.001
>CCTGGATATCTG	18-CCTGGATATCTG	10.318979	-18.629154	0	T:33.0(2.75%),B:372.0(0.82%),P:1e-8	Tpos:638.4,Tstd:413.6,Bpos:714.4,Bstd:432.4,StrandBias:-0.3,Multiplicity:1.03
0.001	0.976	0.022	0.001
0.013	0.985	0.001	0.001
0.009	0.001	0.001	0.989
0.012	0.001	0.986	0.001
0.197	0.206	0.400	0.197
0.997	0.001	0.001	0.001
0.001	0.009	0.001	0.989
0.750	0.001	0.233	0.016
0.001	0.001	0.001	0.997
0.016	0.760	0.223	0.001
0.013	0.029	0.001	0.957
0.001	0.001	0.987	0.011
>TGGGATCGGGGT	19-TGGGATCGGGGT	13.142604	-13.590354	0	T:7.0(0.58%),B:16.8(0.04%),P:1e-5	Tpos:826.9,Tstd:396.2,Bpos:1172.8,Bstd:328.8,StrandBias:1.9,Multiplicity:2.71
0.001	0.062	0.001	0.936
0.001	0.001	0.997	0.001
0.001	0.076	0.922	0.001
0.001	0.001	0.997	0.001
0.955	0.001	0.001	0.043
0.001	0.048	0.001	0.950
0.001	0.997	0.001	0.001
0.001	0.001	0.997	0.001
0.001	0.001	0.997	0.001
0.001	0.001	0.997	0.001
0.001	0.117	0.881	0.001
0.001	0.001	0.001	0.997
>CGTRTTGGCTGC	20-CGTRTTGGCTGC	13.260402	-11.979233	0	T:4.0(0.33%),B:2.8(0.01%),P:1e-5	Tpos:1166.9,Tstd:257.4,Bpos:1033.4,Bstd:270.0,StrandBias:10.0,Multiplicity:2.50
0.001	0.997	0.001	0.001
0.001	0.001	0.997	0.001
0.001	0.001	0.001	0.997
0.478	0.001	0.520	0.001
0.001	0.001	0.001	0.997
0.001	0.001	0.001	0.997
0.001	0.001	0.997	0.001
0.001	0.111	0.887	0.001
0.001	0.997	0.001	0.001
0.001	0.001	0.001	0.997
0.001	0.001	0.609	0.389
0.001	0.997	0.001	0.001
>AGCGGCAGCATC	21-AGCGGCAGCATC	14.409960	-10.480153	0	T:4.0(0.33%),B:4.7(0.01%),P:1e-4	Tpos:672.4,Tstd:383.4,Bpos:1595.8,Bstd:91.5,StrandBias:-1.6,Multiplicity:2.00
0.997	0.001	0.001	0.001
0.001	0.001	0.997	0.001
0.001	0.997	0.001	0.001
0.001	0.001	0.997	0.001
0.001	0.001	0.997	0.001
0.001	0.997	0.001	0.001
0.997	0.001	0.001	0.001
0.151	0.001	0.742	0.106
0.001	0.997	0.001	0.001
0.997	0.001	0.001	0.001
0.001	0.001	0.001	0.997
0.001	0.848	0.001	0.150
>ATCGCAGTCCCT	22-ATCGCAGTCCCT	12.096814	-9.221547	0	T:10.0(0.83%),B:79.2(0.17%),P:1e-4	Tpos:534.9,Tstd:402.6,Bpos:575.0,Bstd:438.0,StrandBias:2.2,Multiplicity:3.30
0.966	0.001	0.001	0.032
0.001	0.049	0.001	0.949
0.001	0.890	0.001	0.108
0.186	0.001	0.780	0.033
0.001	0.997	0.001	0.001
0.962	0.001	0.036	0.001
0.001	0.071	0.882	0.046
0.001	0.001	0.001	0.997
0.001	0.901	0.001	0.097
0.001	0.997	0.001	0.001
0.001	0.997	0.001	0.001
0.087	0.001	0.046	0.866
>GCTGCAGAAGAA	23-GCTGCAGAAGAA	12.355432	-6.908201	0	T:4.0(0.33%),B:14.4(0.03%),P:1e-3	Tpos:931.1,Tstd:210.7,Bpos:845.0,Bstd:427.0,StrandBias:-10.0,Multiplicity:2.00
0.100	0.100	0.700	0.100
0.100	0.700	0.100	0.100
0.100	0.100	0.100	0.700
0.100	0.100	0.700	0.100
0.100	0.700	0.100	0.100
0.700	0.100	0.100	0.100
0.100	0.100	0.700	0.100
0.700	0.100	0.100	0.100
0.700	0.100	0.100	0.100
0.100	0.100	0.700	0.100
0.700	0.100	0.100	0.100
0.700	0.100	0.100	0.100
>CACTTCATAGAC	24-CACTTCATAGAC	9.842880	-6.496429	0	T:24.0(2.00%),B:451.4(0.99%),P:1e-2	Tpos:960.2,Tstd:490.0,Bpos:760.3,Bstd:461.8,StrandBias:0.5,Multiplicity:1.21
0.047	0.894	0.001	0.058
0.741	0.152	0.058	0.049
0.001	0.847	0.047	0.105
0.047	0.047	0.094	0.812
0.152	0.047	0.001	0.800
0.047	0.859	0.047	0.047
0.848	0.047	0.047	0.058
0.001	0.047	0.047	0.905
0.952	0.001	0.001	0.046
0.047	0.001	0.858	0.094
0.741	0.164	0.001	0.094
0.047	0.765	0.047	0.141
>ACATGTAAATCA	25-ACATGTAAATCA	14.196429	-3.302644	0	T:2.0(0.17%),B:10.3(0.02%),P:1e-1	Tpos:1041.9,Tstd:187.6,Bpos:770.0,Bstd:479.0,StrandBias:10.0,Multiplicity:4.50
0.899	0.001	0.099	0.001
0.001	0.997	0.001	0.001
0.997	0.001	0.001	0.001
0.100	0.115	0.001	0.784
0.001	0.001	0.997	0.001
0.001	0.001	0.001	0.997
0.997	0.001	0.001	0.001
0.997	0.001	0.001	0.001
0.997	0.001	0.001	0.001
0.001	0.001	0.001	0.997
0.001	0.997	0.001	0.001
0.997	0.001	0.001	0.001
