>AAAAGCCATC	1-AAAAGCCATC	9.854884	-23.451281	0	T:85.0(7.09%),B:1461.5(3.22%),P:1e-10	Tpos:753.3,Tstd:451.0,Bpos:763.2,Bstd:482.9,StrandBias:0.3,Multiplicity:1.14
0.997	0.001	0.001	0.001
0.645	0.001	0.353	0.001
0.823	0.089	0.087	0.001
0.997	0.001	0.001	0.001
0.001	0.001	0.787	0.211
0.001	0.721	0.277	0.001
0.120	0.878	0.001	0.001
0.997	0.001	0.001	0.001
0.141	0.001	0.001	0.857
0.001	0.748	0.119	0.132
>TTAAGCAAAA	2-TTAAGCAAAA	8.951507	-22.681866	0	T:132.0(11.01%),B:2764.7(6.09%),P:1e-9	Tpos:704.8,Tstd:420.9,Bpos:722.8,Bstd:430.4,StrandBias:-0.3,Multiplicity:1.07
0.052	0.105	0.001	0.842
0.001	0.001	0.029	0.969
0.899	0.001	0.057	0.043
0.919	0.001	0.053	0.027
0.038	0.019	0.804	0.139
0.001	0.973	0.001	0.025
0.961	0.001	0.001	0.037
0.953	0.016	0.001	0.030
0.764	0.097	0.001	0.138
0.909	0.001	0.089	0.001
>TAGTGGCTTT	3-TAGTGGCTTT	9.504562	-21.758946	0	T:80.0(6.67%),B:1387.4(3.06%),P:1e-9	Tpos:743.7,Tstd:424.1,Bpos:808.1,Bstd:458.6,StrandBias:0.4,Multiplicity:1.01
0.095	0.050	0.104	0.751
0.895	0.001	0.059	0.045
0.024	0.020	0.943	0.013
0.015	0.001	0.014	0.970
0.016	0.001	0.982	0.001
0.001	0.001	0.929	0.069
0.066	0.834	0.001	0.099
0.001	0.030	0.018	0.951
0.019	0.022	0.034	0.925
0.001	0.012	0.001	0.986
>ACTAACTACT	4-ACTAACTACT	9.696346	-21.272489	0	T:48.0(4.00%),B:636.8(1.40%),P:1e-9	Tpos:692.7,Tstd:380.9,Bpos:713.9,Bstd:418.0,StrandBias:0.1,Multiplicity:1.04
0.633	0.017	0.001	0.349
0.066	0.732	0.001	0.201
0.082	0.001	0.001	0.916
0.997	0.001	0.001	0.001
0.864	0.051	0.029	0.056
0.171	0.827	0.001	0.001
0.001	0.053	0.001	0.945
0.885	0.001	0.001	0.113
0.001	0.997	0.001	0.001
0.001	0.102	0.210	0.687
>TCTTTTTACT	5-TCTTTTTACT	9.342591	-21.251568	0	T:141.0(11.76%),B:3091.4(6.81%),P:1e-9	Tpos:760.7,Tstd:498.8,Bpos:760.4,Bstd:463.8,StrandBias:0.1,Multiplicity:1.09
0.001	0.001	0.001	0.997
0.001	0.920	0.078	0.001
0.001	0.031	0.010	0.958
0.023	0.029	0.001	0.947
0.046	0.043	0.097	0.814
0.001	0.064	0.001	0.934
0.059	0.077	0.060	0.804
0.924	0.001	0.001	0.074
0.080	0.772	0.041	0.107
0.001	0.001	0.030	0.968
>ATTCTATGCC	6-ATTCTATGCC	8.993173	-20.972152	0	T:113.0(9.42%),B:2302.3(5.07%),P:1e-9	Tpos:810.7,Tstd:470.8,Bpos:829.8,Bstd:483.8,StrandBias:0.1,Multiplicity:1.06
0.892	0.106	0.001	0.001
0.177	0.001	0.001	0.821
0.003	0.001	0.092	0.904
0.137	0.861	0.001	0.001
0.288	0.001	0.001	0.710
0.613	0.338	0.001	0.048
0.001	0.001	0.001	0.997
0.001	0.001	0.997	0.001
0.001	0.960	0.038	0.001
0.072	0.911	0.001	0.016
>CGGCCGGGCC	7-CGGCCGGGCC	7.855436	-19.199348	0	T:176.0(14.68%),B:4258.3(9.38%),P:1e-8	Tpos:1194.5,Tstd:431.2,Bpos:1235.1,Bstd:476.2,StrandBias:-0.1,Multiplicity:1.23
0.162	0.643	0.160	0.035
0.054	0.234	0.688	0.024
0.035	0.176	0.765	0.024
0.037	0.681	0.017	0.265
0.028	0.610	0.049	0.313
0.151	0.099	0.574	0.176
0.037	0.141	0.572	0.250
0.154	0.036	0.572	0.238
0.049	0.627	0.212	0.112
0.203	0.552	0.137	0.108
>AAAACGAGTG	8-AAAACGAGTG	9.542481	-19.011377	0	T:44.0(3.67%),B:596.3(1.31%),P:1e-8	Tpos:928.9,Tstd:413.1,Bpos:902.8,Bstd:517.2,StrandBias:0.2,Multiplicity:1.05
0.700	0.141	0.158	0.001
0.919	0.001	0.079	0.001
0.925	0.021	0.037	0.017
0.883	0.040	0.001	0.076
0.001	0.997	0.001	0.001
0.032	0.041	0.926	0.001
0.844	0.039	0.084	0.033
0.044	0.008	0.917	0.031
0.020	0.037	0.001	0.942
0.001	0.032	0.957	0.010
>TCGTCTGTGG	9-TCGTCTGTGG	9.705345	-18.868835	0	T:79.0(6.59%),B:1458.2(3.21%),P:1e-8	Tpos:964.8,Tstd:457.1,Bpos:917.8,Bstd:535.0,StrandBias:-0.1,Multiplicity:1.03
0.027	0.088	0.047	0.838
0.032	0.919	0.001	0.048
0.033	0.215	0.684	0.068
0.078	0.001	0.061	0.860
0.001	0.983	0.015	0.001
0.001	0.023	0.001	0.975
0.001	0.106	0.809	0.084
0.001	0.015	0.001	0.983
0.001	0.001	0.997	0.001
0.001	0.001	0.942	0.056
>GCAAATCACT	10-GCAAATCACT	9.691602	-18.635524	0	T:46.0(3.84%),B:649.1(1.43%),P:1e-8	Tpos:939.1,Tstd:470.2,Bpos:774.0,Bstd:476.1,StrandBias:0.0,Multiplicity:1.09
0.001	0.001	0.937	0.061
0.001	0.866	0.001	0.132
0.974	0.001	0.024	0.001
0.941	0.010	0.033	0.016
0.933	0.037	0.001	0.029
0.122	0.001	0.001	0.876
0.024	0.974	0.001	0.001
0.763	0.001	0.021	0.215
0.017	0.871	0.001	0.111
0.001	0.001	0.009	0.989
>CAMWGATCCG	11-CAMWGATCCG	9.567419	-18.434838	0	T:45.0(3.75%),B:632.0(1.39%),P:1e-8	Tpos:992.9,Tstd:413.8,Bpos:1088.1,Bstd:472.6,StrandBias:-0.4,Multiplicity:1.02
0.162	0.736	0.006	0.096
0.861	0.001	0.018	0.120
0.425	0.573	0.001	0.001
0.345	0.008	0.170	0.477
0.001	0.001	0.997	0.001
0.997	0.001	0.001	0.001
0.148	0.241	0.001	0.610
0.024	0.891	0.005	0.080
0.001	0.831	0.167	0.001
0.001	0.024	0.974	0.001
>GTAACCGGCG	12-GTAACCGGCG	7.232993	-18.181520	0	T:154.0(12.84%),B:3644.7(8.03%),P:1e-7	Tpos:1029.5,Tstd:487.5,Bpos:1113.3,Bstd:502.4,StrandBias:0.1,Multiplicity:1.10
0.080	0.057	0.768	0.095
0.079	0.019	0.053	0.849
0.790	0.086	0.039	0.085
0.825	0.055	0.085	0.035
0.060	0.786	0.051	0.103
0.039	0.801	0.034	0.126
0.060	0.026	0.888	0.026
0.087	0.048	0.760	0.105
0.149	0.754	0.061	0.036
0.105	0.035	0.786	0.074
>CCTGCGTGTC	13-CCTGCGTGTC	9.972876	-17.591132	0	T:75.0(6.26%),B:1398.5(3.08%),P:1e-7	Tpos:967.9,Tstd:455.9,Bpos:1034.5,Bstd:510.0,StrandBias:0.0,Multiplicity:1.07
0.086	0.851	0.001	0.062
0.001	0.997	0.001	0.001
0.001	0.001	0.024	0.974
0.023	0.054	0.899	0.024
0.057	0.729	0.174	0.040
0.110	0.040	0.849	0.001
0.042	0.042	0.117	0.799
0.001	0.001	0.997	0.001
0.001	0.001	0.001	0.997
0.001	0.932	0.001	0.066
>GCTCTCCCGG	14-GCTCTCCCGG	8.995310	-17.417655	0	T:225.0(18.77%),B:5935.4(13.07%),P:1e-7	Tpos:1158.2,Tstd:426.2,Bpos:1132.8,Bstd:495.7,StrandBias:-0.2,Multiplicity:1.20
0.204	0.075	0.686	0.035
0.011	0.976	0.012	0.001
0.001	0.001	0.161	0.837
0.026	0.942	0.001	0.031
0.008	0.055	0.094	0.843
0.006	0.973	0.001	0.020
0.021	0.903	0.001	0.075
0.037	0.916	0.028	0.019
0.028	0.001	0.970	0.001
0.008	0.039	0.952	0.001
>TTAACGTTAT	15-TTAACGTTAT	10.891635	-16.894602	0	T:16.0(1.33%),B:99.3(0.22%),P:1e-7	Tpos:816.2,Tstd:427.4,Bpos:721.1,Bstd:398.6,StrandBias:-1.1,Multiplicity:1.00
0.001	0.360	0.001	0.638
0.001	0.244	0.179	0.576
0.997	0.001	0.001	0.001
0.997	0.001	0.001	0.001
0.001	0.997	0.001	0.001
0.001	0.001	0.997	0.001
0.001	0.001	0.001	0.997
0.001	0.001	0.001	0.997
0.812	0.186	0.001	0.001
0.001	0.001	0.001	0.997
>GTATTATACT	16-GTATTATACT	9.099464	-16.349263	0	T:58.0(4.84%),B:999.3(2.20%),P:1e-7	Tpos:660.6,Tstd:483.1,Bpos:719.8,Bstd:447.6,StrandBias:0.0,Multiplicity:1.07
0.131	0.159	0.603	0.107
0.001	0.001	0.001	0.997
0.854	0.144	0.001	0.001
0.153	0.001	0.160	0.686
0.041	0.061	0.001	0.897
0.677	0.109	0.025	0.189
0.001	0.001	0.001	0.997
0.541	0.134	0.324	0.001
0.045	0.881	0.006	0.068
0.127	0.001	0.001	0.871
>TAAVCGTCCA	17-TAAVCGTCCA	7.433315	-16.335001	0	T:37.0(3.09%),B:499.0(1.10%),P:1e-7	Tpos:868.3,Tstd:480.8,Bpos:905.7,Bstd:468.5,StrandBias:0.5,Multiplicity:1.05
0.241	0.081	0.037	0.641
0.768	0.093	0.078	0.061
0.479	0.086	0.177	0.259
0.282	0.344	0.204	0.170
0.033	0.707	0.009	0.251
0.088	0.086	0.524	0.302
0.098	0.049	0.321	0.532
0.056	0.730	0.138	0.076
0.133	0.683	0.064	0.120
0.570	0.148	0.166	0.116
>TCGTAGTCGG	18-TCGTAGTCGG	9.326391	-16.325636	0	T:33.0(2.75%),B:413.8(0.91%),P:1e-7	Tpos:1117.3,Tstd:427.5,Bpos:1217.2,Bstd:448.6,StrandBias:0.1,Multiplicity:1.09
0.069	0.001	0.001	0.929
0.001	0.928	0.001	0.070
0.082	0.011	0.763	0.144
0.001	0.069	0.303	0.627
0.990	0.001	0.001	0.008
0.336	0.001	0.659	0.004
0.074	0.001	0.001	0.924
0.034	0.866	0.099	0.001
0.061	0.095	0.804	0.040
0.040	0.001	0.833	0.126
>AGCGGGCGAG	19-AGCGGGCGAG	8.223775	-15.532184	0	T:282.0(23.52%),B:7985.4(17.59%),P:1e-6	Tpos:1198.1,Tstd:406.6,Bpos:1220.0,Bstd:455.5,StrandBias:0.0,Multiplicity:1.19
0.785	0.072	0.067	0.076
0.032	0.065	0.889	0.014
0.047	0.884	0.006	0.063
0.074	0.106	0.755	0.065
0.122	0.096	0.762	0.020
0.041	0.108	0.838	0.013
0.078	0.825	0.055	0.042
0.073	0.084	0.774	0.069
0.699	0.084	0.186	0.031
0.119	0.039	0.799	0.043
>TGGGATCGGG	20-TGGGATCGGG	9.490083	-12.874576	0	T:18.0(1.50%),B:173.8(0.38%),P:1e-5	Tpos:926.1,Tstd:449.7,Bpos:1025.6,Bstd:504.6,StrandBias:1.7,Multiplicity:1.61
0.001	0.001	0.001	0.997
0.001	0.001	0.997	0.001
0.001	0.001	0.997	0.001
0.001	0.001	0.997	0.001
0.997	0.001	0.001	0.001
0.001	0.001	0.001	0.997
0.001	0.997	0.001	0.001
0.001	0.001	0.997	0.001
0.091	0.001	0.907	0.001
0.069	0.142	0.788	0.001
>NTGTTGCCTN	21-NTGTTGCCTN	6.486480	-12.363345	0	T:20.0(1.67%),B:218.2(0.48%),P:1e-5	Tpos:970.1,Tstd:452.4,Bpos:863.4,Bstd:460.2,StrandBias:0.8,Multiplicity:1.35
0.251	0.199	0.306	0.245
0.144	0.153	0.131	0.572
0.193	0.123	0.533	0.151
0.166	0.111	0.136	0.587
0.173	0.160	0.115	0.552
0.166	0.138	0.569	0.127
0.165	0.548	0.124	0.163
0.139	0.511	0.192	0.158
0.154	0.146	0.150	0.550
0.288	0.214	0.272	0.226
>TGGTCACGGM	22-TGGTCACGGM	7.274301	-12.351967	0	T:41.0(3.42%),B:695.3(1.53%),P:1e-5	Tpos:1093.0,Tstd:397.3,Bpos:1136.9,Bstd:515.5,StrandBias:-0.7,Multiplicity:1.07
0.001	0.001	0.082	0.916
0.001	0.001	0.997	0.001
0.001	0.001	0.997	0.001
0.001	0.001	0.001	0.997
0.001	0.997	0.001	0.001
0.997	0.001	0.001	0.001
0.001	0.997	0.001	0.001
0.001	0.001	0.997	0.001
0.001	0.001	0.952	0.046
0.475	0.506	0.001	0.018
>TGGGAAGTTT	23-TGGGAAGTTT	10.296193	-12.153865	0	T:18.0(1.50%),B:183.2(0.40%),P:1e-5	Tpos:984.9,Tstd:351.8,Bpos:820.7,Bstd:504.6,StrandBias:0.3,Multiplicity:1.00
0.100	0.100	0.100	0.700
0.100	0.100	0.700	0.100
0.100	0.100	0.700	0.100
0.100	0.100	0.700	0.100
0.700	0.100	0.100	0.100
0.700	0.100	0.100	0.100
0.100	0.100	0.700	0.100
0.100	0.100	0.100	0.700
0.100	0.100	0.100	0.700
0.100	0.100	0.100	0.700
>GTGGTATTCT	24-GTGGTATTCT	13.531068	-11.397490	0	T:7.0(0.58%),B:24.3(0.05%),P:1e-4	Tpos:842.3,Tstd:380.2,Bpos:689.8,Bstd:422.7,StrandBias:-2.6,Multiplicity:1.00
0.001	0.001	0.997	0.001
0.001	0.001	0.001	0.997
0.001	0.124	0.874	0.001
0.001	0.157	0.841	0.001
0.001	0.001	0.001	0.997
0.997	0.001	0.001	0.001
0.001	0.001	0.001	0.997
0.001	0.001	0.001	0.997
0.001	0.997	0.001	0.001
0.001	0.001	0.001	0.997
>CTCAGAGGGA	25-CTCAGAGGGA	10.065592	-9.082961	0	T:89.0(7.42%),B:2222.7(4.89%),P:1e-3	Tpos:754.7,Tstd:477.6,Bpos:856.8,Bstd:501.0,StrandBias:-0.2,Multiplicity:1.27
0.001	0.808	0.190	0.001
0.001	0.001	0.001	0.997
0.001	0.997	0.001	0.001
0.806	0.001	0.001	0.192
0.001	0.026	0.972	0.001
0.997	0.001	0.001	0.001
0.001	0.001	0.997	0.001
0.243	0.001	0.755	0.001
0.200	0.001	0.798	0.001
0.997	0.001	0.001	0.001
