>AAAAGCCATC	1-AAAAGCCATC	9.854884	-23.451281	0	T:85.0(7.09%),B:1461.5(3.22%),P:1e-10	Tpos:753.3,Tstd:451.0,Bpos:763.2,Bstd:482.9,StrandBias:0.3,Multiplicity:1.14
0.997	0.001	0.001	0.001
0.645	0.001	0.353	0.001
0.823	0.089	0.087	0.001
0.997	0.001	0.001	0.001
0.001	0.001	0.787	0.211
0.001	0.721	0.277	0.001
0.120	0.878	0.001	0.001
0.997	0.001	0.001	0.001
0.141	0.001	0.001	0.857
0.001	0.748	0.119	0.132
>TTAAGCAAAA	2-TTAAGCAAAA	8.951507	-22.681866	0	T:132.0(11.01%),B:2764.7(6.09%),P:1e-9	Tpos:704.8,Tstd:420.9,Bpos:722.8,Bstd:430.4,StrandBias:-0.3,Multiplicity:1.07
0.052	0.105	0.001	0.842
0.001	0.001	0.029	0.969
0.899	0.001	0.057	0.043
0.919	0.001	0.053	0.027
0.038	0.019	0.804	0.139
0.001	0.973	0.001	0.025
0.961	0.001	0.001	0.037
0.953	0.016	0.001	0.030
0.764	0.097	0.001	0.138
0.909	0.001	0.089	0.001
>TAGTGGCTTT	3-TAGTGGCTTT	9.504562	-21.758946	0	T:80.0(6.67%),B:1387.4(3.06%),P:1e-9	Tpos:743.7,Tstd:424.1,Bpos:808.1,Bstd:458.6,StrandBias:0.4,Multiplicity:1.01
0.095	0.050	0.104	0.751
0.895	0.001	0.059	0.045
0.024	0.020	0.943	0.013
0.015	0.001	0.014	0.970
0.016	0.001	0.982	0.001
0.001	0.001	0.929	0.069
0.066	0.834	0.001	0.099
0.001	0.030	0.018	0.951
0.019	0.022	0.034	0.925
0.001	0.012	0.001	0.986
>ACTAACTACT	4-ACTAACTACT	9.696346	-21.272489	0	T:48.0(4.00%),B:636.8(1.40%),P:1e-9	Tpos:692.7,Tstd:380.9,Bpos:713.9,Bstd:418.0,StrandBias:0.1,Multiplicity:1.04
0.633	0.017	0.001	0.349
0.066	0.732	0.001	0.201
0.082	0.001	0.001	0.916
0.997	0.001	0.001	0.001
0.864	0.051	0.029	0.056
0.171	0.827	0.001	0.001
0.001	0.053	0.001	0.945
0.885	0.001	0.001	0.113
0.001	0.997	0.001	0.001
0.001	0.102	0.210	0.687
>TCTTTTTACT	5-TCTTTTTACT	9.342591	-21.251568	0	T:141.0(11.76%),B:3091.4(6.81%),P:1e-9	Tpos:760.7,Tstd:498.8,Bpos:760.4,Bstd:463.8,StrandBias:0.1,Multiplicity:1.09
0.001	0.001	0.001	0.997
0.001	0.920	0.078	0.001
0.001	0.031	0.010	0.958
0.023	0.029	0.001	0.947
0.046	0.043	0.097	0.814
0.001	0.064	0.001	0.934
0.059	0.077	0.060	0.804
0.924	0.001	0.001	0.074
0.080	0.772	0.041	0.107
0.001	0.001	0.030	0.968
>ATTCTATGCC	6-ATTCTATGCC	8.993173	-20.972152	0	T:113.0(9.42%),B:2302.3(5.07%),P:1e-9	Tpos:810.7,Tstd:470.8,Bpos:829.8,Bstd:483.8,StrandBias:0.1,Multiplicity:1.06
0.892	0.106	0.001	0.001
0.177	0.001	0.001	0.821
0.003	0.001	0.092	0.904
0.137	0.861	0.001	0.001
0.288	0.001	0.001	0.710
0.613	0.338	0.001	0.048
0.001	0.001	0.001	0.997
0.001	0.001	0.997	0.001
0.001	0.960	0.038	0.001
0.072	0.911	0.001	0.016
>CGGCCGGGCC	7-CGGCCGGGCC	7.855436	-19.199348	0	T:176.0(14.68%),B:4258.3(9.38%),P:1e-8	Tpos:1194.5,Tstd:431.2,Bpos:1235.1,Bstd:476.2,StrandBias:-0.1,Multiplicity:1.23
0.162	0.643	0.160	0.035
0.054	0.234	0.688	0.024
0.035	0.176	0.765	0.024
0.037	0.681	0.017	0.265
0.028	0.610	0.049	0.313
0.151	0.099	0.574	0.176
0.037	0.141	0.572	0.250
0.154	0.036	0.572	0.238
0.049	0.627	0.212	0.112
0.203	0.552	0.137	0.108
>AAAACGAGTG	8-AAAACGAGTG	9.542481	-19.011377	0	T:44.0(3.67%),B:596.3(1.31%),P:1e-8	Tpos:928.9,Tstd:413.1,Bpos:902.8,Bstd:517.2,StrandBias:0.2,Multiplicity:1.05
0.700	0.141	0.158	0.001
0.919	0.001	0.079	0.001
0.925	0.021	0.037	0.017
0.883	0.040	0.001	0.076
0.001	0.997	0.001	0.001
0.032	0.041	0.926	0.001
0.844	0.039	0.084	0.033
0.044	0.008	0.917	0.031
0.020	0.037	0.001	0.942
0.001	0.032	0.957	0.010
>TCGTCTGTGG	9-TCGTCTGTGG	9.705345	-18.868835	0	T:79.0(6.59%),B:1458.2(3.21%),P:1e-8	Tpos:964.8,Tstd:457.1,Bpos:917.8,Bstd:535.0,StrandBias:-0.1,Multiplicity:1.03
0.027	0.088	0.047	0.838
0.032	0.919	0.001	0.048
0.033	0.215	0.684	0.068
0.078	0.001	0.061	0.860
0.001	0.983	0.015	0.001
0.001	0.023	0.001	0.975
0.001	0.106	0.809	0.084
0.001	0.015	0.001	0.983
0.001	0.001	0.997	0.001
0.001	0.001	0.942	0.056
>GCAAATCACT	10-GCAAATCACT	9.691602	-18.635524	0	T:46.0(3.84%),B:649.1(1.43%),P:1e-8	Tpos:939.1,Tstd:470.2,Bpos:774.0,Bstd:476.1,StrandBias:0.0,Multiplicity:1.09
0.001	0.001	0.937	0.061
0.001	0.866	0.001	0.132
0.974	0.001	0.024	0.001
0.941	0.010	0.033	0.016
0.933	0.037	0.001	0.029
0.122	0.001	0.001	0.876
0.024	0.974	0.001	0.001
0.763	0.001	0.021	0.215
0.017	0.871	0.001	0.111
0.001	0.001	0.009	0.989
>CAMWGATCCG	11-CAMWGATCCG	9.567419	-18.434838	0	T:45.0(3.75%),B:632.0(1.39%),P:1e-8	Tpos:992.9,Tstd:413.8,Bpos:1088.1,Bstd:472.6,StrandBias:-0.4,Multiplicity:1.02
0.162	0.736	0.006	0.096
0.861	0.001	0.018	0.120
0.425	0.573	0.001	0.001
0.345	0.008	0.170	0.477
0.001	0.001	0.997	0.001
0.997	0.001	0.001	0.001
0.148	0.241	0.001	0.610
0.024	0.891	0.005	0.080
0.001	0.831	0.167	0.001
0.001	0.024	0.974	0.001
>GTAACCGGCG	12-GTAACCGGCG	7.232993	-18.181520	0	T:154.0(12.84%),B:3644.7(8.03%),P:1e-7	Tpos:1029.5,Tstd:487.5,Bpos:1113.3,Bstd:502.4,StrandBias:0.1,Multiplicity:1.10
0.080	0.057	0.768	0.095
0.079	0.019	0.053	0.849
0.790	0.086	0.039	0.085
0.825	0.055	0.085	0.035
0.060	0.786	0.051	0.103
0.039	0.801	0.034	0.126
0.060	0.026	0.888	0.026
0.087	0.048	0.760	0.105
0.149	0.754	0.061	0.036
0.105	0.035	0.786	0.074
>CCTGCGTGTC	13-CCTGCGTGTC	9.972876	-17.591132	0	T:75.0(6.26%),B:1398.5(3.08%),P:1e-7	Tpos:967.9,Tstd:455.9,Bpos:1034.5,Bstd:510.0,StrandBias:0.0,Multiplicity:1.07
0.086	0.851	0.001	0.062
0.001	0.997	0.001	0.001
0.001	0.001	0.024	0.974
0.023	0.054	0.899	0.024
0.057	0.729	0.174	0.040
0.110	0.040	0.849	0.001
0.042	0.042	0.117	0.799
0.001	0.001	0.997	0.001
0.001	0.001	0.001	0.997
0.001	0.932	0.001	0.066
>GCTCTCCCGG	14-GCTCTCCCGG	8.995310	-17.417655	0	T:225.0(18.77%),B:5935.4(13.07%),P:1e-7	Tpos:1158.2,Tstd:426.2,Bpos:1132.8,Bstd:495.7,StrandBias:-0.2,Multiplicity:1.20
0.204	0.075	0.686	0.035
0.011	0.976	0.012	0.001
0.001	0.001	0.161	0.837
0.026	0.942	0.001	0.031
0.008	0.055	0.094	0.843
0.006	0.973	0.001	0.020
0.021	0.903	0.001	0.075
0.037	0.916	0.028	0.019
0.028	0.001	0.970	0.001
0.008	0.039	0.952	0.001
>TTAACGTTAT	15-TTAACGTTAT	10.891635	-16.894602	0	T:16.0(1.33%),B:99.3(0.22%),P:1e-7	Tpos:816.2,Tstd:427.4,Bpos:721.1,Bstd:398.6,StrandBias:-1.1,Multiplicity:1.00
0.001	0.360	0.001	0.638
0.001	0.244	0.179	0.576
0.997	0.001	0.001	0.001
0.997	0.001	0.001	0.001
0.001	0.997	0.001	0.001
0.001	0.001	0.997	0.001
0.001	0.001	0.001	0.997
0.001	0.001	0.001	0.997
0.812	0.186	0.001	0.001
0.001	0.001	0.001	0.997
>GTATTATACT	16-GTATTATACT	9.099464	-16.349263	0	T:58.0(4.84%),B:999.3(2.20%),P:1e-7	Tpos:660.6,Tstd:483.1,Bpos:719.8,Bstd:447.6,StrandBias:0.0,Multiplicity:1.07
0.131	0.159	0.603	0.107
0.001	0.001	0.001	0.997
0.854	0.144	0.001	0.001
0.153	0.001	0.160	0.686
0.041	0.061	0.001	0.897
0.677	0.109	0.025	0.189
0.001	0.001	0.001	0.997
0.541	0.134	0.324	0.001
0.045	0.881	0.006	0.068
0.127	0.001	0.001	0.871
>TAAVCGTCCA	17-TAAVCGTCCA	7.433315	-16.335001	0	T:37.0(3.09%),B:499.0(1.10%),P:1e-7	Tpos:868.3,Tstd:480.8,Bpos:905.7,Bstd:468.5,StrandBias:0.5,Multiplicity:1.05
0.241	0.081	0.037	0.641
0.768	0.093	0.078	0.061
0.479	0.086	0.177	0.259
0.282	0.344	0.204	0.170
0.033	0.707	0.009	0.251
0.088	0.086	0.524	0.302
0.098	0.049	0.321	0.532
0.056	0.730	0.138	0.076
0.133	0.683	0.064	0.120
0.570	0.148	0.166	0.116
>TCGTAGTCGG	18-TCGTAGTCGG	9.326391	-16.325636	0	T:33.0(2.75%),B:413.8(0.91%),P:1e-7	Tpos:1117.3,Tstd:427.5,Bpos:1217.2,Bstd:448.6,StrandBias:0.1,Multiplicity:1.09
0.069	0.001	0.001	0.929
0.001	0.928	0.001	0.070
0.082	0.011	0.763	0.144
0.001	0.069	0.303	0.627
0.990	0.001	0.001	0.008
0.336	0.001	0.659	0.004
0.074	0.001	0.001	0.924
0.034	0.866	0.099	0.001
0.061	0.095	0.804	0.040
0.040	0.001	0.833	0.126
>AGCGGGCGAG	19-AGCGGGCGAG	8.223775	-15.532184	0	T:282.0(23.52%),B:7985.4(17.59%),P:1e-6	Tpos:1198.1,Tstd:406.6,Bpos:1220.0,Bstd:455.5,StrandBias:0.0,Multiplicity:1.19
0.785	0.072	0.067	0.076
0.032	0.065	0.889	0.014
0.047	0.884	0.006	0.063
0.074	0.106	0.755	0.065
0.122	0.096	0.762	0.020
0.041	0.108	0.838	0.013
0.078	0.825	0.055	0.042
0.073	0.084	0.774	0.069
0.699	0.084	0.186	0.031
0.119	0.039	0.799	0.043
>TGGGATCGGG	20-TGGGATCGGG	9.490083	-12.874576	0	T:18.0(1.50%),B:173.8(0.38%),P:1e-5	Tpos:926.1,Tstd:449.7,Bpos:1025.6,Bstd:504.6,StrandBias:1.7,Multiplicity:1.61
0.001	0.001	0.001	0.997
0.001	0.001	0.997	0.001
0.001	0.001	0.997	0.001
0.001	0.001	0.997	0.001
0.997	0.001	0.001	0.001
0.001	0.001	0.001	0.997
0.001	0.997	0.001	0.001
0.001	0.001	0.997	0.001
0.091	0.001	0.907	0.001
0.069	0.142	0.788	0.001
>NTGTTGCCTN	21-NTGTTGCCTN	6.486480	-12.363345	0	T:20.0(1.67%),B:218.2(0.48%),P:1e-5	Tpos:970.1,Tstd:452.4,Bpos:863.4,Bstd:460.2,StrandBias:0.8,Multiplicity:1.35
0.251	0.199	0.306	0.245
0.144	0.153	0.131	0.572
0.193	0.123	0.533	0.151
0.166	0.111	0.136	0.587
0.173	0.160	0.115	0.552
0.166	0.138	0.569	0.127
0.165	0.548	0.124	0.163
0.139	0.511	0.192	0.158
0.154	0.146	0.150	0.550
0.288	0.214	0.272	0.226
>TGGTCACGGM	22-TGGTCACGGM	7.274301	-12.351967	0	T:41.0(3.42%),B:695.3(1.53%),P:1e-5	Tpos:1093.0,Tstd:397.3,Bpos:1136.9,Bstd:515.5,StrandBias:-0.7,Multiplicity:1.07
0.001	0.001	0.082	0.916
0.001	0.001	0.997	0.001
0.001	0.001	0.997	0.001
0.001	0.001	0.001	0.997
0.001	0.997	0.001	0.001
0.997	0.001	0.001	0.001
0.001	0.997	0.001	0.001
0.001	0.001	0.997	0.001
0.001	0.001	0.952	0.046
0.475	0.506	0.001	0.018
>TGGGAAGTTT	23-TGGGAAGTTT	10.296193	-12.153865	0	T:18.0(1.50%),B:183.2(0.40%),P:1e-5	Tpos:984.9,Tstd:351.8,Bpos:820.7,Bstd:504.6,StrandBias:0.3,Multiplicity:1.00
0.100	0.100	0.100	0.700
0.100	0.100	0.700	0.100
0.100	0.100	0.700	0.100
0.100	0.100	0.700	0.100
0.700	0.100	0.100	0.100
0.700	0.100	0.100	0.100
0.100	0.100	0.700	0.100
0.100	0.100	0.100	0.700
0.100	0.100	0.100	0.700
0.100	0.100	0.100	0.700
>GTGGTATTCT	24-GTGGTATTCT	13.531068	-11.397490	0	T:7.0(0.58%),B:24.3(0.05%),P:1e-4	Tpos:842.3,Tstd:380.2,Bpos:689.8,Bstd:422.7,StrandBias:-2.6,Multiplicity:1.00
0.001	0.001	0.997	0.001
0.001	0.001	0.001	0.997
0.001	0.124	0.874	0.001
0.001	0.157	0.841	0.001
0.001	0.001	0.001	0.997
0.997	0.001	0.001	0.001
0.001	0.001	0.001	0.997
0.001	0.001	0.001	0.997
0.001	0.997	0.001	0.001
0.001	0.001	0.001	0.997
>CTCAGAGGGA	25-CTCAGAGGGA	10.065592	-9.082961	0	T:89.0(7.42%),B:2222.7(4.89%),P:1e-3	Tpos:754.7,Tstd:477.6,Bpos:856.8,Bstd:501.0,StrandBias:-0.2,Multiplicity:1.27
0.001	0.808	0.190	0.001
0.001	0.001	0.001	0.997
0.001	0.997	0.001	0.001
0.806	0.001	0.001	0.192
0.001	0.026	0.972	0.001
0.997	0.001	0.001	0.001
0.001	0.001	0.997	0.001
0.243	0.001	0.755	0.001
0.200	0.001	0.798	0.001
0.997	0.001	0.001	0.001
>CCAGCCCCACCC	1-CCAGCCCCACCC	9.808157	-32.182856	0	T:120.0(10.01%),B:2082.8(4.59%),P:1e-13	Tpos:1095.0,Tstd:430.2,Bpos:1080.2,Bstd:516.6,StrandBias:-0.5,Multiplicity:1.03
0.028	0.444	0.245	0.283
0.047	0.869	0.040	0.044
0.494	0.269	0.214	0.023
0.244	0.024	0.504	0.228
0.025	0.731	0.201	0.043
0.025	0.661	0.283	0.031
0.058	0.856	0.042	0.044
0.137	0.777	0.046	0.040
0.564	0.133	0.031	0.272
0.030	0.639	0.301	0.030
0.023	0.496	0.223	0.259
0.037	0.590	0.142	0.231
>TGAGGAACTCCC	2-TGAGGAACTCCC	11.350633	-30.467728	0	T:34.0(2.84%),B:242.2(0.53%),P:1e-13	Tpos:741.1,Tstd:467.1,Bpos:865.7,Bstd:483.9,StrandBias:0.5,Multiplicity:1.00
0.151	0.001	0.107	0.741
0.001	0.065	0.933	0.001
0.935	0.063	0.001	0.001
0.216	0.001	0.782	0.001
0.001	0.132	0.866	0.001
0.994	0.001	0.004	0.001
0.879	0.119	0.001	0.001
0.162	0.647	0.001	0.190
0.001	0.001	0.001	0.997
0.367	0.631	0.001	0.001
0.050	0.712	0.071	0.167
0.102	0.896	0.001	0.001
>TTCTGAGAGAAA	3-TTCTGAGAGAAA	9.576181	-28.523495	0	T:120.0(10.01%),B:2203.2(4.85%),P:1e-12	Tpos:810.1,Tstd:485.0,Bpos:771.3,Bstd:453.8,StrandBias:0.2,Multiplicity:1.13
0.076	0.066	0.064	0.794
0.013	0.027	0.069	0.891
0.067	0.823	0.074	0.036
0.025	0.043	0.001	0.931
0.074	0.080	0.757	0.089
0.910	0.001	0.052	0.037
0.081	0.060	0.827	0.032
0.899	0.008	0.005	0.088
0.105	0.084	0.714	0.097
0.798	0.096	0.079	0.027
0.864	0.010	0.064	0.062
0.798	0.063	0.071	0.068
>GCTTTCCAGAGA	4-GCTTTCCAGAGA	11.737641	-28.375424	0	T:42.0(3.50%),B:398.5(0.88%),P:1e-12	Tpos:827.2,Tstd:480.1,Bpos:908.5,Bstd:537.9,StrandBias:-0.3,Multiplicity:1.05
0.001	0.001	0.824	0.174
0.004	0.874	0.121	0.001
0.001	0.001	0.001	0.997
0.001	0.129	0.001	0.869
0.001	0.001	0.001	0.997
0.001	0.866	0.132	0.001
0.244	0.611	0.001	0.144
0.997	0.001	0.001	0.001
0.001	0.001	0.997	0.001
0.435	0.186	0.172	0.207
0.001	0.001	0.997	0.001
0.542	0.133	0.255	0.070
>AAGGACAGCACT	5-AAGGACAGCACT	9.791465	-27.676574	0	T:28.0(2.34%),B:179.8(0.40%),P:1e-12	Tpos:999.6,Tstd:437.9,Bpos:884.2,Bstd:483.7,StrandBias:0.8,Multiplicity:1.00
0.859	0.049	0.054	0.038
0.693	0.038	0.045	0.224
0.195	0.158	0.616	0.031
0.291	0.039	0.631	0.039
0.699	0.038	0.226	0.037
0.162	0.618	0.185	0.035
0.548	0.022	0.175	0.255
0.040	0.239	0.691	0.030
0.048	0.668	0.029	0.255
0.406	0.175	0.212	0.207
0.058	0.695	0.210	0.037
0.293	0.041	0.031	0.635
>AGTGGCTTTTTG	6-AGTGGCTTTTTG	12.046901	-27.559381	0	T:27.0(2.25%),B:166.1(0.37%),P:1e-11	Tpos:982.7,Tstd:432.2,Bpos:862.9,Bstd:499.1,StrandBias:-0.8,Multiplicity:1.04
0.942	0.056	0.001	0.001
0.098	0.042	0.835	0.025
0.101	0.080	0.001	0.818
0.001	0.079	0.919	0.001
0.001	0.052	0.895	0.052
0.069	0.891	0.001	0.039
0.001	0.001	0.001	0.997
0.001	0.041	0.001	0.957
0.001	0.001	0.079	0.919
0.001	0.028	0.001	0.970
0.001	0.001	0.034	0.964
0.045	0.025	0.911	0.019
>GAGGCACGGACC	7-GAGGCACGGACC	10.488105	-26.756107	0	T:24.0(2.00%),B:132.4(0.29%),P:1e-11	Tpos:911.6,Tstd:495.3,Bpos:1024.4,Bstd:565.6,StrandBias:0.0,Multiplicity:1.00
0.017	0.244	0.716	0.023
0.672	0.136	0.021	0.171
0.025	0.258	0.690	0.027
0.039	0.038	0.882	0.041
0.010	0.782	0.179	0.029
0.670	0.116	0.051	0.163
0.028	0.736	0.021	0.215
0.172	0.168	0.621	0.039
0.046	0.171	0.764	0.019
0.750	0.183	0.036	0.031
0.030	0.778	0.180	0.012
0.128	0.507	0.182	0.183
>AACAKRGAAAGW	8-AACAKRGAAAGW	9.486921	-26.004983	0	T:44.0(3.67%),B:469.6(1.03%),P:1e-11	Tpos:754.9,Tstd:501.5,Bpos:773.1,Bstd:447.0,StrandBias:-0.1,Multiplicity:1.05
0.548	0.382	0.040	0.030
0.442	0.289	0.238	0.031
0.391	0.594	0.001	0.014
0.529	0.048	0.069	0.354
0.027	0.048	0.526	0.399
0.498	0.046	0.393	0.063
0.370	0.030	0.560	0.040
0.551	0.028	0.392	0.029
0.799	0.093	0.064	0.044
0.887	0.001	0.041	0.071
0.001	0.050	0.859	0.090
0.404	0.251	0.049	0.296
>GCAGGYKTTTTC	9-GCAGGYKTTTTC	10.199332	-25.951225	0	T:29.0(2.42%),B:209.6(0.46%),P:1e-11	Tpos:1133.3,Tstd:478.8,Bpos:892.9,Bstd:454.4,StrandBias:0.7,Multiplicity:1.00
0.023	0.223	0.516	0.238
0.031	0.903	0.052	0.014
0.908	0.043	0.023	0.026
0.023	0.233	0.516	0.228
0.025	0.059	0.865	0.051
0.020	0.442	0.213	0.325
0.025	0.217	0.445	0.312
0.019	0.217	0.050	0.714
0.022	0.141	0.030	0.807
0.020	0.215	0.024	0.741
0.180	0.030	0.033	0.757
0.208	0.501	0.277	0.014
>TCCCGTGGGCGC	10-TCCCGTGGGCGC	12.554544	-25.839035	0	T:22.0(1.83%),B:113.3(0.25%),P:1e-11	Tpos:1146.3,Tstd:409.4,Bpos:1138.7,Bstd:473.8,StrandBias:0.5,Multiplicity:1.00
0.132	0.029	0.019	0.820
0.001	0.924	0.001	0.074
0.035	0.938	0.001	0.026
0.001	0.932	0.066	0.001
0.001	0.001	0.997	0.001
0.001	0.027	0.133	0.839
0.044	0.068	0.887	0.001
0.001	0.001	0.937	0.061
0.001	0.001	0.997	0.001
0.001	0.948	0.050	0.001
0.030	0.032	0.896	0.042
0.001	0.924	0.001	0.074
>TAKGCAAATCAC	11-TAKGCAAATCAC	12.297108	-25.176385	0	T:18.0(1.50%),B:71.1(0.16%),P:1e-10	Tpos:1004.3,Tstd:402.6,Bpos:695.5,Bstd:515.8,StrandBias:0.5,Multiplicity:1.06
0.001	0.001	0.001	0.997
0.658	0.001	0.111	0.230
0.001	0.001	0.518	0.480
0.001	0.001	0.838	0.160
0.001	0.707	0.095	0.197
0.642	0.095	0.001	0.262
0.997	0.001	0.001	0.001
0.693	0.001	0.001	0.305
0.001	0.001	0.001	0.997
0.001	0.997	0.001	0.001
0.997	0.001	0.001	0.001
0.001	0.997	0.001	0.001
>AGCATTAGAAGA	12-AGCATTAGAAGA	9.661547	-24.012347	0	T:54.0(4.50%),B:710.7(1.57%),P:1e-10	Tpos:753.1,Tstd:469.2,Bpos:728.5,Bstd:454.9,StrandBias:-0.3,Multiplicity:1.04
0.789	0.091	0.038	0.082
0.079	0.025	0.860	0.036
0.061	0.813	0.060	0.066
0.870	0.077	0.010	0.043
0.075	0.075	0.051	0.799
0.088	0.090	0.043	0.779
0.828	0.039	0.094	0.039
0.015	0.087	0.838	0.060
0.910	0.037	0.052	0.001
0.810	0.024	0.113	0.053
0.051	0.028	0.850	0.071
0.861	0.058	0.026	0.055
>AGGTCTGAAACA	13-AGGTCTGAAACA	12.066558	-23.647217	0	T:24.0(2.00%),B:156.0(0.34%),P:1e-10	Tpos:629.5,Tstd:397.3,Bpos:861.5,Bstd:458.8,StrandBias:0.7,Multiplicity:1.00
0.997	0.001	0.001	0.001
0.001	0.001	0.997	0.001
0.001	0.001	0.964	0.034
0.185	0.001	0.001	0.813
0.001	0.905	0.056	0.038
0.084	0.001	0.001	0.914
0.107	0.046	0.846	0.001
0.874	0.076	0.049	0.001
0.970	0.001	0.028	0.001
0.889	0.061	0.001	0.049
0.032	0.966	0.001	0.001
0.905	0.038	0.001	0.056
>CCCTCTTCCTAA	14-CCCTCTTCCTAA	11.531361	-23.136052	0	T:34.0(2.84%),B:324.3(0.71%),P:1e-10	Tpos:889.6,Tstd:421.4,Bpos:913.5,Bstd:440.4,StrandBias:-0.3,Multiplicity:1.06
0.002	0.896	0.001	0.101
0.223	0.775	0.001	0.001
0.001	0.997	0.001	0.001
0.061	0.004	0.001	0.934
0.175	0.823	0.001	0.001
0.001	0.148	0.001	0.850
0.183	0.127	0.001	0.689
0.001	0.817	0.181	0.001
0.001	0.997	0.001	0.001
0.112	0.063	0.150	0.675
0.783	0.001	0.132	0.084
0.769	0.121	0.109	0.001
>CGGCCCCAGCTC	15-CGGCCCCAGCTC	11.322236	-22.500715	0	T:83.0(6.92%),B:1440.5(3.17%),P:1e-9	Tpos:1152.1,Tstd:443.5,Bpos:1164.3,Bstd:474.4,StrandBias:-0.1,Multiplicity:1.05
0.023	0.887	0.055	0.035
0.036	0.001	0.962	0.001
0.001	0.036	0.944	0.019
0.023	0.930	0.023	0.024
0.001	0.873	0.001	0.125
0.018	0.936	0.033	0.013
0.001	0.978	0.020	0.001
0.865	0.028	0.075	0.032
0.001	0.023	0.975	0.001
0.026	0.917	0.056	0.001
0.065	0.001	0.001	0.933
0.043	0.821	0.050	0.086
>CTCRGCSSGGGA	16-CTCRGCSSGGGA	10.668407	-21.355684	0	T:40.0(3.34%),B:466.9(1.03%),P:1e-9	Tpos:1202.6,Tstd:433.0,Bpos:1174.9,Bstd:457.3,StrandBias:0.6,Multiplicity:1.05
0.001	0.902	0.012	0.085
0.004	0.196	0.212	0.588
0.254	0.744	0.001	0.001
0.433	0.001	0.565	0.001
0.001	0.004	0.994	0.001
0.001	0.997	0.001	0.001
0.194	0.354	0.449	0.003
0.004	0.564	0.431	0.001
0.013	0.078	0.667	0.242
0.001	0.001	0.704	0.294
0.217	0.236	0.546	0.001
0.524	0.012	0.197	0.267
>CGACTCGGCGCC	17-CGACTCGGCGCC	12.052779	-19.203656	0	T:23.0(1.92%),B:183.9(0.41%),P:1e-8	Tpos:1200.3,Tstd:411.9,Bpos:1317.9,Bstd:437.3,StrandBias:-0.8,Multiplicity:1.09
0.001	0.927	0.015	0.057
0.001	0.032	0.966	0.001
0.687	0.001	0.106	0.206
0.001	0.997	0.001	0.001
0.001	0.001	0.001	0.997
0.001	0.997	0.001	0.001
0.167	0.030	0.802	0.001
0.157	0.028	0.726	0.089
0.092	0.906	0.001	0.001
0.001	0.040	0.958	0.001
0.001	0.997	0.001	0.001
0.001	0.890	0.108	0.001
>CCTGGATATCTG	18-CCTGGATATCTG	10.318979	-18.629154	0	T:33.0(2.75%),B:372.0(0.82%),P:1e-8	Tpos:638.4,Tstd:413.6,Bpos:714.4,Bstd:432.4,StrandBias:-0.3,Multiplicity:1.03
0.001	0.976	0.022	0.001
0.013	0.985	0.001	0.001
0.009	0.001	0.001	0.989
0.012	0.001	0.986	0.001
0.197	0.206	0.400	0.197
0.997	0.001	0.001	0.001
0.001	0.009	0.001	0.989
0.750	0.001	0.233	0.016
0.001	0.001	0.001	0.997
0.016	0.760	0.223	0.001
0.013	0.029	0.001	0.957
0.001	0.001	0.987	0.011
>TGGGATCGGGGT	19-TGGGATCGGGGT	13.142604	-13.590354	0	T:7.0(0.58%),B:16.8(0.04%),P:1e-5	Tpos:826.9,Tstd:396.2,Bpos:1172.8,Bstd:328.8,StrandBias:1.9,Multiplicity:2.71
0.001	0.062	0.001	0.936
0.001	0.001	0.997	0.001
0.001	0.076	0.922	0.001
0.001	0.001	0.997	0.001
0.955	0.001	0.001	0.043
0.001	0.048	0.001	0.950
0.001	0.997	0.001	0.001
0.001	0.001	0.997	0.001
0.001	0.001	0.997	0.001
0.001	0.001	0.997	0.001
0.001	0.117	0.881	0.001
0.001	0.001	0.001	0.997
>CGTRTTGGCTGC	20-CGTRTTGGCTGC	13.260402	-11.979233	0	T:4.0(0.33%),B:2.8(0.01%),P:1e-5	Tpos:1166.9,Tstd:257.4,Bpos:1033.4,Bstd:270.0,StrandBias:10.0,Multiplicity:2.50
0.001	0.997	0.001	0.001
0.001	0.001	0.997	0.001
0.001	0.001	0.001	0.997
0.478	0.001	0.520	0.001
0.001	0.001	0.001	0.997
0.001	0.001	0.001	0.997
0.001	0.001	0.997	0.001
0.001	0.111	0.887	0.001
0.001	0.997	0.001	0.001
0.001	0.001	0.001	0.997
0.001	0.001	0.609	0.389
0.001	0.997	0.001	0.001
>AGCGGCAGCATC	21-AGCGGCAGCATC	14.409960	-10.480153	0	T:4.0(0.33%),B:4.7(0.01%),P:1e-4	Tpos:672.4,Tstd:383.4,Bpos:1595.8,Bstd:91.5,StrandBias:-1.6,Multiplicity:2.00
0.997	0.001	0.001	0.001
0.001	0.001	0.997	0.001
0.001	0.997	0.001	0.001
0.001	0.001	0.997	0.001
0.001	0.001	0.997	0.001
0.001	0.997	0.001	0.001
0.997	0.001	0.001	0.001
0.151	0.001	0.742	0.106
0.001	0.997	0.001	0.001
0.997	0.001	0.001	0.001
0.001	0.001	0.001	0.997
0.001	0.848	0.001	0.150
>ATCGCAGTCCCT	22-ATCGCAGTCCCT	12.096814	-9.221547	0	T:10.0(0.83%),B:79.2(0.17%),P:1e-4	Tpos:534.9,Tstd:402.6,Bpos:575.0,Bstd:438.0,StrandBias:2.2,Multiplicity:3.30
0.966	0.001	0.001	0.032
0.001	0.049	0.001	0.949
0.001	0.890	0.001	0.108
0.186	0.001	0.780	0.033
0.001	0.997	0.001	0.001
0.962	0.001	0.036	0.001
0.001	0.071	0.882	0.046
0.001	0.001	0.001	0.997
0.001	0.901	0.001	0.097
0.001	0.997	0.001	0.001
0.001	0.997	0.001	0.001
0.087	0.001	0.046	0.866
>GCTGCAGAAGAA	23-GCTGCAGAAGAA	12.355432	-6.908201	0	T:4.0(0.33%),B:14.4(0.03%),P:1e-3	Tpos:931.1,Tstd:210.7,Bpos:845.0,Bstd:427.0,StrandBias:-10.0,Multiplicity:2.00
0.100	0.100	0.700	0.100
0.100	0.700	0.100	0.100
0.100	0.100	0.100	0.700
0.100	0.100	0.700	0.100
0.100	0.700	0.100	0.100
0.700	0.100	0.100	0.100
0.100	0.100	0.700	0.100
0.700	0.100	0.100	0.100
0.700	0.100	0.100	0.100
0.100	0.100	0.700	0.100
0.700	0.100	0.100	0.100
0.700	0.100	0.100	0.100
>CACTTCATAGAC	24-CACTTCATAGAC	9.842880	-6.496429	0	T:24.0(2.00%),B:451.4(0.99%),P:1e-2	Tpos:960.2,Tstd:490.0,Bpos:760.3,Bstd:461.8,StrandBias:0.5,Multiplicity:1.21
0.047	0.894	0.001	0.058
0.741	0.152	0.058	0.049
0.001	0.847	0.047	0.105
0.047	0.047	0.094	0.812
0.152	0.047	0.001	0.800
0.047	0.859	0.047	0.047
0.848	0.047	0.047	0.058
0.001	0.047	0.047	0.905
0.952	0.001	0.001	0.046
0.047	0.001	0.858	0.094
0.741	0.164	0.001	0.094
0.047	0.765	0.047	0.141
>ACATGTAAATCA	25-ACATGTAAATCA	14.196429	-3.302644	0	T:2.0(0.17%),B:10.3(0.02%),P:1e-1	Tpos:1041.9,Tstd:187.6,Bpos:770.0,Bstd:479.0,StrandBias:10.0,Multiplicity:4.50
0.899	0.001	0.099	0.001
0.001	0.997	0.001	0.001
0.997	0.001	0.001	0.001
0.100	0.115	0.001	0.784
0.001	0.001	0.997	0.001
0.001	0.001	0.001	0.997
0.997	0.001	0.001	0.001
0.997	0.001	0.001	0.001
0.997	0.001	0.001	0.001
0.001	0.001	0.001	0.997
0.001	0.997	0.001	0.001
0.997	0.001	0.001	0.001
>CGGCCGGG	1-CGGCCGGG	9.463005	-12.742665	0	T:247.0(20.60%),B:7067.5(15.56%),P:1e-5	Tpos:1223.1,Tstd:383.0,Bpos:1236.7,Bstd:466.7,StrandBias:-0.1,Multiplicity:1.26
0.001	0.997	0.001	0.001
0.001	0.001	0.997	0.001
0.001	0.001	0.997	0.001
0.001	0.997	0.001	0.001
0.001	0.903	0.001	0.095
0.001	0.122	0.876	0.001
0.001	0.001	0.914	0.084
0.001	0.124	0.600	0.275
>ATTGTGTG	2-ATTGTGTG	8.330725	-12.240168	0	T:143.0(11.93%),B:3691.9(8.13%),P:1e-5	Tpos:778.1,Tstd:462.3,Bpos:786.9,Bstd:481.2,StrandBias:-0.0,Multiplicity:1.10
0.997	0.001	0.001	0.001
0.001	0.001	0.001	0.997
0.001	0.001	0.001	0.997
0.001	0.257	0.741	0.001
0.001	0.001	0.001	0.997
0.001	0.001	0.997	0.001
0.001	0.087	0.001	0.911
0.001	0.001	0.997	0.001
>AACGGATG	3-AACGGATG	7.576824	-12.096543	0	T:154.0(12.84%),B:4053.9(8.93%),P:1e-5	Tpos:900.5,Tstd:460.2,Bpos:908.0,Bstd:493.8,StrandBias:0.2,Multiplicity:1.10
0.534	0.106	0.255	0.105
0.942	0.001	0.001	0.056
0.001	0.997	0.001	0.001
0.001	0.007	0.742	0.250
0.001	0.001	0.942	0.056
0.847	0.001	0.001	0.151
0.001	0.001	0.001	0.997
0.223	0.105	0.507	0.165
>CTGAGCCT	4-CTGAGCCT	9.817559	-10.225683	0	T:234.0(19.52%),B:6886.1(15.17%),P:1e-4	Tpos:1021.4,Tstd:479.4,Bpos:1017.7,Bstd:528.5,StrandBias:-0.0,Multiplicity:1.15
0.001	0.997	0.001	0.001
0.001	0.001	0.001	0.997
0.001	0.001	0.997	0.001
0.997	0.001	0.001	0.001
0.001	0.001	0.997	0.001
0.001	0.997	0.001	0.001
0.001	0.997	0.001	0.001
0.001	0.001	0.286	0.712
>TGGGATCG	5-TGGGATCG	8.236954	-2.975450	0	T:28.0(2.34%),B:753.4(1.66%),P:1e-1	Tpos:986.9,Tstd:471.7,Bpos:976.5,Bstd:501.1,StrandBias:1.2,Multiplicity:1.39
0.100	0.100	0.100	0.700
0.100	0.100	0.700	0.100
0.100	0.100	0.700	0.100
0.100	0.100	0.700	0.100
0.700	0.100	0.100	0.100
0.100	0.100	0.100	0.700
0.100	0.700	0.100	0.100
0.100	0.100	0.700	0.100
