>ACTGTTATCT	1-ACTGTTATCT	9.595362	-25.169669	0	T:19.0(31.15%),B:656.9(4.44%),P:1e-10	Tpos:1103.9,Tstd:490.0,Bpos:984.7,Bstd:521.6,StrandBias:-1.0,Multiplicity:1.00
0.997	0.001	0.001	0.001
0.001	0.997	0.001	0.001
0.001	0.162	0.001	0.836
0.001	0.001	0.997	0.001
0.001	0.001	0.001	0.997
0.083	0.271	0.117	0.529
0.997	0.001	0.001	0.001
0.001	0.109	0.295	0.595
0.001	0.772	0.226	0.001
0.001	0.107	0.163	0.729
>TGTCAAGTTC	2-TGTCAAGTTC	7.902962	-20.014140	0	T:21.0(34.43%),B:1121.0(7.57%),P:1e-8	Tpos:1062.0,Tstd:455.4,Bpos:995.8,Bstd:534.0,StrandBias:-0.3,Multiplicity:1.19
0.001	0.001	0.087	0.911
0.001	0.001	0.948	0.050
0.001	0.001	0.001	0.997
0.108	0.826	0.001	0.065
0.859	0.065	0.075	0.001
0.855	0.001	0.099	0.045
0.001	0.001	0.997	0.001
0.001	0.074	0.074	0.851
0.054	0.070	0.068	0.808
0.001	0.997	0.001	0.001
>CCCGGKATAG	3-CCCGGKATAG	8.989369	-18.633327	0	T:5.0(8.20%),B:13.8(0.09%),P:1e-8	Tpos:1298.0,Tstd:223.9,Bpos:1264.9,Bstd:430.7,StrandBias:-0.6,Multiplicity:1.00
0.001	0.997	0.001	0.001
0.001	0.997	0.001	0.001
0.001	0.997	0.001	0.001
0.001	0.001	0.997	0.001
0.088	0.001	0.910	0.001
0.089	0.001	0.424	0.486
0.997	0.001	0.001	0.001
0.001	0.001	0.001	0.997
0.997	0.001	0.001	0.001
0.001	0.001	0.997	0.001
>TCAGGAGAAT	4-TCAGGAGAAT	9.784576	-18.530295	0	T:13.0(21.31%),B:398.8(2.69%),P:1e-8	Tpos:921.1,Tstd:519.8,Bpos:1008.4,Bstd:574.9,StrandBias:0.2,Multiplicity:1.00
0.001	0.001	0.001	0.997
0.001	0.855	0.001	0.143
0.828	0.170	0.001	0.001
0.274	0.001	0.724	0.001
0.001	0.093	0.905	0.001
0.643	0.001	0.001	0.355
0.001	0.126	0.750	0.123
0.848	0.150	0.001	0.001
0.997	0.001	0.001	0.001
0.001	0.001	0.124	0.874
>CGTCAGCATT	5-CGTCAGCATT	8.669266	-18.247687	0	T:16.0(26.23%),B:677.7(4.58%),P:1e-7	Tpos:909.9,Tstd:543.4,Bpos:1027.8,Bstd:522.1,StrandBias:-0.9,Multiplicity:1.25
0.144	0.768	0.087	0.001
0.144	0.081	0.774	0.001
0.077	0.279	0.004	0.640
0.064	0.660	0.205	0.071
0.843	0.002	0.001	0.154
0.005	0.001	0.787	0.207
0.100	0.594	0.098	0.208
0.885	0.113	0.001	0.001
0.209	0.001	0.006	0.784
0.001	0.001	0.001	0.997
>AGCTCAGCGT	6-AGCTCAGCGT	10.050044	-17.234969	0	T:9.0(14.75%),B:164.5(1.11%),P:1e-7	Tpos:1385.7,Tstd:123.8,Bpos:1221.5,Bstd:471.8,StrandBias:0.0,Multiplicity:1.11
0.773	0.225	0.001	0.001
0.001	0.071	0.927	0.001
0.001	0.997	0.001	0.001
0.001	0.294	0.189	0.516
0.001	0.997	0.001	0.001
0.794	0.204	0.001	0.001
0.001	0.001	0.997	0.001
0.001	0.997	0.001	0.001
0.001	0.001	0.997	0.001
0.001	0.001	0.001	0.997
>ATAAACACTA	7-ATAAACACTA	9.747764	-16.854950	0	T:23.0(37.70%),B:1617.8(10.92%),P:1e-7	Tpos:778.7,Tstd:442.8,Bpos:897.2,Bstd:494.8,StrandBias:0.7,Multiplicity:1.39
0.942	0.045	0.012	0.001
0.016	0.080	0.039	0.865
0.951	0.001	0.047	0.001
0.965	0.001	0.001	0.033
0.950	0.001	0.001	0.048
0.065	0.914	0.001	0.020
0.943	0.001	0.055	0.001
0.001	0.846	0.020	0.133
0.085	0.210	0.001	0.704
0.937	0.017	0.001	0.045
>CACGCCGAAT	8-CACGCCGAAT	11.208329	-15.859689	0	T:5.0(8.20%),B:26.0(0.18%),P:1e-6	Tpos:1205.0,Tstd:593.1,Bpos:1340.2,Bstd:364.5,StrandBias:0.6,Multiplicity:1.00
0.001	0.815	0.183	0.001
0.836	0.001	0.162	0.001
0.110	0.751	0.138	0.001
0.001	0.001	0.887	0.111
0.001	0.997	0.001	0.001
0.001	0.997	0.001	0.001
0.001	0.142	0.856	0.001
0.997	0.001	0.001	0.001
0.997	0.001	0.001	0.001
0.001	0.001	0.001	0.997
>AAAAGATGAT	9-AAAAGATGAT	11.278621	-13.307802	0	T:12.0(19.67%),B:530.3(3.58%),P:1e-5	Tpos:650.6,Tstd:501.7,Bpos:806.1,Bstd:503.2,StrandBias:-0.4,Multiplicity:1.17
0.997	0.001	0.001	0.001
0.796	0.001	0.001	0.202
0.997	0.001	0.001	0.001
0.997	0.001	0.001	0.001
0.177	0.078	0.744	0.001
0.997	0.001	0.001	0.001
0.001	0.001	0.001	0.997
0.001	0.232	0.621	0.146
0.878	0.120	0.001	0.001
0.001	0.001	0.001	0.997
>AAATATAAGT	10-AAATATAAGT	7.922289	-12.052743	0	T:27.0(44.26%),B:2809.8(18.97%),P:1e-5	Tpos:840.2,Tstd:428.2,Bpos:858.3,Bstd:481.6,StrandBias:-0.6,Multiplicity:1.37
0.728	0.077	0.091	0.104
0.851	0.147	0.001	0.001
0.803	0.057	0.085	0.055
0.004	0.001	0.089	0.906
0.876	0.096	0.027	0.001
0.001	0.001	0.001	0.997
0.997	0.001	0.001	0.001
0.928	0.001	0.070	0.001
0.001	0.240	0.758	0.001
0.034	0.048	0.001	0.917
>GTCTGGSAGG	11-GTCTGGSAGG	9.816072	-11.762631	0	T:8.0(13.11%),B:242.7(1.64%),P:1e-5	Tpos:1235.5,Tstd:376.5,Bpos:1031.5,Bstd:541.3,StrandBias:0.8,Multiplicity:1.38
0.001	0.001	0.807	0.191
0.001	0.001	0.001	0.997
0.001	0.813	0.185	0.001
0.001	0.218	0.001	0.780
0.001	0.002	0.743	0.254
0.001	0.008	0.796	0.195
0.001	0.458	0.540	0.001
0.833	0.042	0.001	0.124
0.266	0.001	0.732	0.001
0.001	0.225	0.773	0.001
>AAAAAACGGG	12-AAAAAACGGG	12.284733	-11.759743	0	T:5.0(8.20%),B:62.6(0.42%),P:1e-5	Tpos:925.3,Tstd:480.4,Bpos:1107.1,Bstd:502.9,StrandBias:-2.3,Multiplicity:1.20
0.997	0.001	0.001	0.001
0.997	0.001	0.001	0.001
0.997	0.001	0.001	0.001
0.997	0.001	0.001	0.001
0.786	0.212	0.001	0.001
0.997	0.001	0.001	0.001
0.001	0.997	0.001	0.001
0.001	0.001	0.997	0.001
0.001	0.001	0.997	0.001
0.001	0.001	0.997	0.001
>AAGTCATGGA	13-AAGTCATGGA	11.793476	-9.714894	0	T:5.0(8.20%),B:97.9(0.66%),P:1e-4	Tpos:573.5,Tstd:320.8,Bpos:944.8,Bstd:528.0,StrandBias:-1.0,Multiplicity:1.20
0.731	0.267	0.001	0.001
0.997	0.001	0.001	0.001
0.056	0.001	0.871	0.072
0.069	0.001	0.001	0.929
0.077	0.921	0.001	0.001
0.770	0.001	0.128	0.101
0.001	0.001	0.001	0.997
0.089	0.001	0.834	0.076
0.001	0.001	0.997	0.001
0.997	0.001	0.001	0.001
>GACTTAAGGA	14-GACTTAAGGA	8.350283	-8.439600	0	T:10.0(16.39%),B:618.8(4.18%),P:1e-3	Tpos:953.5,Tstd:324.7,Bpos:1002.2,Bstd:513.5,StrandBias:-1.4,Multiplicity:1.10
0.100	0.100	0.700	0.100
0.700	0.100	0.100	0.100
0.100	0.700	0.100	0.100
0.100	0.100	0.100	0.700
0.100	0.100	0.100	0.700
0.700	0.100	0.100	0.100
0.700	0.100	0.100	0.100
0.100	0.100	0.700	0.100
0.100	0.100	0.700	0.100
0.700	0.100	0.100	0.100
>CCCCCTCCCC	15-CCCCCTCCCC	6.676350	-6.270217	0	T:13.0(21.31%),B:1277.8(8.63%),P:1e-2	Tpos:1086.2,Tstd:367.4,Bpos:1025.0,Bstd:491.7,StrandBias:-0.5,Multiplicity:1.23
0.147	0.564	0.079	0.210
0.123	0.642	0.083	0.152
0.134	0.565	0.101	0.200
0.144	0.518	0.072	0.266
0.101	0.660	0.092	0.147
0.169	0.164	0.098	0.569
0.100	0.706	0.079	0.115
0.089	0.614	0.109	0.188
0.110	0.576	0.109	0.205
0.178	0.589	0.106	0.127
>TTCTCGCGAG	16-TTCTCGCGAG	13.118462	-4.821461	0	T:2.0(3.28%),B:31.3(0.21%),P:1e-2	Tpos:1420.0,Tstd:52.1,Bpos:1237.4,Bstd:462.4,StrandBias:1.6,Multiplicity:2.00
0.089	0.127	0.296	0.488
0.001	0.001	0.001	0.997
0.001	0.997	0.001	0.001
0.001	0.001	0.001	0.997
0.001	0.997	0.001	0.001
0.001	0.001	0.997	0.001
0.001	0.997	0.001	0.001
0.001	0.001	0.997	0.001
0.997	0.001	0.001	0.001
0.001	0.001	0.997	0.001
>AACATGAACATT	1-AACATGAACATT	12.213833	-22.869728	0	T:11.0(18.03%),B:165.3(1.12%),P:1e-9	Tpos:866.5,Tstd:464.8,Bpos:823.2,Bstd:476.5,StrandBias:-0.7,Multiplicity:1.18
0.997	0.001	0.001	0.001
0.997	0.001	0.001	0.001
0.056	0.942	0.001	0.001
0.997	0.001	0.001	0.001
0.001	0.001	0.001	0.997
0.150	0.001	0.848	0.001
0.870	0.001	0.128	0.001
0.997	0.001	0.001	0.001
0.001	0.997	0.001	0.001
0.636	0.146	0.123	0.095
0.001	0.109	0.001	0.889
0.001	0.001	0.088	0.910
>AAAGATTTTGGA	2-AAAGATTTTGGA	13.079219	-19.999626	0	T:8.0(13.11%),B:78.8(0.53%),P:1e-8	Tpos:810.0,Tstd:356.5,Bpos:859.7,Bstd:397.2,StrandBias:0.7,Multiplicity:1.00
0.997	0.001	0.001	0.001
0.997	0.001	0.001	0.001
0.721	0.001	0.157	0.121
0.001	0.077	0.853	0.069
0.997	0.001	0.001	0.001
0.001	0.001	0.001	0.997
0.001	0.001	0.156	0.842
0.001	0.001	0.001	0.997
0.001	0.157	0.144	0.698
0.001	0.001	0.997	0.001
0.001	0.001	0.997	0.001
0.997	0.001	0.001	0.001
>AATTTMCCTTTT	3-AATTTMCCTTTT	10.799243	-19.892641	0	T:17.0(27.87%),B:696.5(4.70%),P:1e-8	Tpos:887.8,Tstd:442.6,Bpos:837.1,Bstd:473.9,StrandBias:0.5,Multiplicity:1.12
0.882	0.116	0.001	0.001
0.865	0.001	0.133	0.001
0.001	0.001	0.001	0.997
0.001	0.066	0.002	0.931
0.001	0.066	0.058	0.875
0.402	0.481	0.001	0.117
0.103	0.845	0.001	0.051
0.180	0.588	0.166	0.066
0.142	0.001	0.003	0.854
0.001	0.077	0.001	0.921
0.066	0.001	0.085	0.848
0.002	0.073	0.001	0.924
>TGGMGKGACTGT	4-TGGMGKGACTGT	12.055015	-18.227162	0	T:7.0(11.48%),B:63.0(0.43%),P:1e-7	Tpos:1181.6,Tstd:489.9,Bpos:1111.9,Bstd:509.3,StrandBias:-0.4,Multiplicity:1.00
0.001	0.001	0.001	0.997
0.001	0.162	0.836	0.001
0.135	0.001	0.710	0.154
0.393	0.437	0.001	0.169
0.001	0.001	0.997	0.001
0.001	0.001	0.451	0.547
0.001	0.001	0.997	0.001
0.710	0.135	0.001	0.154
0.277	0.721	0.001	0.001
0.001	0.001	0.001	0.997
0.001	0.001	0.997	0.001
0.001	0.001	0.001	0.997
>GCTAGCTGTCAA	5-GCTAGCTGTCAA	9.414839	-18.155215	0	T:14.0(22.95%),B:495.4(3.35%),P:1e-7	Tpos:1214.2,Tstd:330.2,Bpos:1000.7,Bstd:557.6,StrandBias:-0.2,Multiplicity:1.07
0.001	0.001	0.997	0.001
0.129	0.628	0.109	0.134
0.108	0.001	0.001	0.890
0.717	0.001	0.141	0.141
0.160	0.001	0.838	0.001
0.001	0.838	0.001	0.160
0.140	0.001	0.001	0.858
0.001	0.001	0.997	0.001
0.005	0.001	0.001	0.993
0.135	0.730	0.134	0.001
0.838	0.001	0.160	0.001
0.697	0.001	0.161	0.141
>ACAAAAGAWCAT	6-ACAAAAGAWCAT	11.761248	-18.104281	0	T:8.0(13.11%),B:101.5(0.69%),P:1e-7	Tpos:975.5,Tstd:480.8,Bpos:856.6,Bstd:448.1,StrandBias:-1.6,Multiplicity:1.14
0.964	0.001	0.034	0.001
0.023	0.944	0.001	0.032
0.964	0.034	0.001	0.001
0.997	0.001	0.001	0.001
0.997	0.001	0.001	0.001
0.997	0.001	0.001	0.001
0.001	0.403	0.595	0.001
0.997	0.001	0.001	0.001
0.441	0.001	0.001	0.557
0.001	0.997	0.001	0.001
0.997	0.001	0.001	0.001
0.001	0.001	0.001	0.997
>GTGCARCAAKCY	7-GTGCARCAAKCY	11.489964	-17.827665	0	T:7.0(11.48%),B:66.2(0.45%),P:1e-7	Tpos:1244.4,Tstd:202.3,Bpos:1020.1,Bstd:567.3,StrandBias:1.0,Multiplicity:1.29
0.001	0.001	0.997	0.001
0.001	0.001	0.001	0.997
0.001	0.001	0.997	0.001
0.001	0.997	0.001	0.001
0.997	0.001	0.001	0.001
0.439	0.131	0.300	0.131
0.001	0.588	0.410	0.001
0.997	0.001	0.001	0.001
0.859	0.001	0.139	0.001
0.131	0.001	0.428	0.441
0.001	0.718	0.280	0.001
0.149	0.443	0.001	0.406
>TTAAATATAAGT	8-TTAAATATAAGT	13.081595	-17.544742	0	T:8.0(13.11%),B:109.3(0.74%),P:1e-7	Tpos:670.4,Tstd:418.8,Bpos:951.6,Bstd:486.3,StrandBias:0.3,Multiplicity:1.12
0.001	0.247	0.001	0.751
0.001	0.001	0.001	0.997
0.997	0.001	0.001	0.001
0.845	0.153	0.001	0.001
0.997	0.001	0.001	0.001
0.001	0.001	0.001	0.997
0.601	0.397	0.001	0.001
0.001	0.001	0.001	0.997
0.863	0.135	0.001	0.001
0.835	0.001	0.001	0.163
0.001	0.001	0.997	0.001
0.106	0.160	0.001	0.733
>GAAGACGATGAA	9-GAAGACGATGAA	10.532712	-17.534042	0	T:11.0(18.03%),B:281.5(1.90%),P:1e-7	Tpos:836.9,Tstd:551.9,Bpos:1143.1,Bstd:510.6,StrandBias:-0.2,Multiplicity:1.27
0.231	0.111	0.657	0.001
0.811	0.187	0.001	0.001
0.992	0.003	0.004	0.001
0.001	0.001	0.913	0.085
0.997	0.001	0.001	0.001
0.130	0.711	0.111	0.048
0.064	0.001	0.934	0.001
0.918	0.080	0.001	0.001
0.083	0.165	0.001	0.751
0.073	0.086	0.567	0.274
0.997	0.001	0.001	0.001
0.763	0.001	0.080	0.156
>GGATTTCAAAAA	10-GGATTTCAAAAA	10.841210	-16.534064	0	T:11.0(18.03%),B:311.6(2.10%),P:1e-7	Tpos:940.0,Tstd:527.9,Bpos:873.0,Bstd:507.6,StrandBias:-1.0,Multiplicity:1.09
0.092	0.001	0.838	0.069
0.089	0.176	0.731	0.004
0.903	0.095	0.001	0.001
0.001	0.001	0.001	0.997
0.001	0.001	0.001	0.997
0.048	0.319	0.001	0.632
0.152	0.810	0.001	0.037
0.910	0.088	0.001	0.001
0.997	0.001	0.001	0.001
0.808	0.119	0.001	0.072
0.683	0.124	0.089	0.104
0.710	0.119	0.170	0.001
>AGTCATGGAAAA	11-AGTCATGGAAAA	13.487955	-16.418536	0	T:5.0(8.20%),B:22.1(0.15%),P:1e-7	Tpos:613.8,Tstd:340.4,Bpos:828.4,Bstd:498.4,StrandBias:-2.3,Multiplicity:1.20
0.917	0.001	0.081	0.001
0.079	0.001	0.822	0.098
0.001	0.001	0.001	0.997
0.092	0.906	0.001	0.001
0.884	0.001	0.001	0.114
0.001	0.001	0.001	0.997
0.088	0.001	0.806	0.105
0.001	0.001	0.997	0.001
0.997	0.001	0.001	0.001
0.867	0.131	0.001	0.001
0.867	0.001	0.001	0.131
0.997	0.001	0.001	0.001
>GAGACCACAGTA	12-GAGACCACAGTA	14.189919	-16.306942	0	T:4.0(6.56%),B:7.6(0.05%),P:1e-7	Tpos:1004.8,Tstd:280.9,Bpos:1094.6,Bstd:661.5,StrandBias:10.0,Multiplicity:1.25
0.219	0.001	0.779	0.001
0.997	0.001	0.001	0.001
0.001	0.001	0.997	0.001
0.997	0.001	0.001	0.001
0.001	0.807	0.001	0.191
0.001	0.997	0.001	0.001
0.997	0.001	0.001	0.001
0.001	0.997	0.001	0.001
0.823	0.001	0.001	0.175
0.191	0.001	0.807	0.001
0.001	0.001	0.001	0.997
0.997	0.001	0.001	0.001
>AGGACTTGTAHG	13-AGGACTTGTAHG	8.838218	-15.271840	0	T:14.0(22.95%),B:628.7(4.25%),P:1e-6	Tpos:925.6,Tstd:503.8,Bpos:984.3,Bstd:525.6,StrandBias:0.7,Multiplicity:1.14
0.950	0.048	0.001	0.001
0.081	0.049	0.753	0.117
0.097	0.097	0.681	0.125
0.863	0.135	0.001	0.001
0.001	0.796	0.130	0.073
0.048	0.001	0.001	0.950
0.001	0.001	0.041	0.957
0.188	0.049	0.604	0.159
0.042	0.097	0.113	0.748
0.703	0.001	0.176	0.120
0.233	0.355	0.171	0.241
0.147	0.042	0.647	0.164
>TAATATTATCCT	14-TAATATTATCCT	10.827952	-14.654299	0	T:9.0(14.75%),B:225.8(1.52%),P:1e-6	Tpos:909.8,Tstd:472.5,Bpos:920.2,Bstd:484.1,StrandBias:0.6,Multiplicity:1.11
0.093	0.171	0.001	0.735
0.927	0.001	0.071	0.001
0.905	0.001	0.001	0.093
0.131	0.075	0.001	0.793
0.905	0.001	0.001	0.093
0.001	0.001	0.200	0.798
0.001	0.093	0.001	0.905
0.782	0.093	0.001	0.124
0.121	0.094	0.151	0.634
0.003	0.854	0.079	0.064
0.002	0.888	0.107	0.003
0.001	0.001	0.106	0.892
>AGTCAGTCTGAC	15-AGTCAGTCTGAC	14.087279	-13.054131	0	T:4.0(6.56%),B:19.0(0.13%),P:1e-5	Tpos:1020.2,Tstd:455.7,Bpos:1140.5,Bstd:459.9,StrandBias:0.0,Multiplicity:1.00
0.805	0.193	0.001	0.001
0.001	0.001	0.997	0.001
0.001	0.001	0.001	0.997
0.226	0.772	0.001	0.001
0.997	0.001	0.001	0.001
0.001	0.001	0.997	0.001
0.226	0.001	0.001	0.772
0.001	0.997	0.001	0.001
0.001	0.001	0.001	0.997
0.001	0.001	0.997	0.001
0.997	0.001	0.001	0.001
0.001	0.831	0.167	0.001
>GGAGAAAAAGGC	16-GGAGAAAAAGGC	15.478552	-12.527440	0	T:3.0(4.92%),B:5.3(0.04%),P:1e-5	Tpos:824.5,Tstd:558.1,Bpos:1081.8,Bstd:487.1,StrandBias:10.0,Multiplicity:1.33
0.001	0.001	0.997	0.001
0.001	0.001	0.997	0.001
0.997	0.001	0.001	0.001
0.001	0.001	0.997	0.001
0.997	0.001	0.001	0.001
0.997	0.001	0.001	0.001
0.997	0.001	0.001	0.001
0.997	0.001	0.001	0.001
0.997	0.001	0.001	0.001
0.001	0.001	0.997	0.001
0.001	0.325	0.673	0.001
0.001	0.997	0.001	0.001
>CTGAATGSTCAC	17-CTGAATGSTCAC	12.211314	-10.298644	0	T:4.0(6.56%),B:42.0(0.28%),P:1e-4	Tpos:896.5,Tstd:578.0,Bpos:1081.7,Bstd:448.5,StrandBias:2.3,Multiplicity:1.50
0.001	0.997	0.001	0.001
0.001	0.001	0.001	0.997
0.192	0.001	0.615	0.192
0.779	0.219	0.001	0.001
0.997	0.001	0.001	0.001
0.191	0.001	0.001	0.807
0.001	0.001	0.997	0.001
0.192	0.356	0.452	0.001
0.001	0.219	0.001	0.779
0.163	0.835	0.001	0.001
0.997	0.001	0.001	0.001
0.001	0.807	0.191	0.001
>CCCCCCCCCCCC	18-CCCCCCCCCCCC	8.728081	-9.885577	0	T:12.0(19.67%),B:749.2(5.06%),P:1e-4	Tpos:1022.0,Tstd:340.8,Bpos:963.7,Bstd:492.6,StrandBias:-0.6,Multiplicity:1.17
0.002	0.844	0.111	0.043
0.043	0.884	0.072	0.001
0.001	0.792	0.083	0.124
0.001	0.997	0.001	0.001
0.001	0.795	0.118	0.086
0.001	0.831	0.051	0.117
0.001	0.916	0.001	0.082
0.131	0.867	0.001	0.001
0.139	0.750	0.001	0.110
0.083	0.760	0.001	0.156
0.121	0.756	0.001	0.122
0.064	0.826	0.001	0.109
>TCTCGCGAGAAT	19-TCTCGCGAGAAT	14.847693	-7.223292	0	T:2.0(3.28%),B:8.8(0.06%),P:1e-3	Tpos:1413.0,Tstd:58.0,Bpos:1012.5,Bstd:598.3,StrandBias:-1.0,Multiplicity:1.50
0.001	0.001	0.001	0.997
0.001	0.997	0.001	0.001
0.001	0.001	0.001	0.997
0.001	0.997	0.001	0.001
0.001	0.001	0.997	0.001
0.001	0.997	0.001	0.001
0.001	0.001	0.997	0.001
0.997	0.001	0.001	0.001
0.001	0.001	0.997	0.001
0.997	0.001	0.001	0.001
0.627	0.189	0.183	0.001
0.001	0.147	0.275	0.577
>ACTGTTAT	1-ACTGTTAT	9.351206	-13.698246	0	T:23.0(37.70%),B:1927.8(13.02%),P:1e-5	Tpos:867.8,Tstd:464.7,Bpos:907.5,Bstd:529.3,StrandBias:-0.6,Multiplicity:1.09
0.997	0.001	0.001	0.001
0.001	0.997	0.001	0.001
0.001	0.001	0.001	0.997
0.001	0.001	0.997	0.001
0.001	0.083	0.001	0.915
0.001	0.213	0.001	0.785
0.997	0.001	0.001	0.001
0.001	0.001	0.083	0.915
>ACTTAAGG	2-ACTTAAGG	8.725915	-11.817157	0	T:11.0(18.03%),B:509.2(3.44%),P:1e-5	Tpos:841.8,Tstd:449.6,Bpos:980.2,Bstd:528.5,StrandBias:-1.0,Multiplicity:1.09
0.997	0.001	0.001	0.001
0.001	0.997	0.001	0.001
0.001	0.096	0.170	0.733
0.001	0.001	0.001	0.997
0.997	0.001	0.001	0.001
0.997	0.001	0.001	0.001
0.001	0.001	0.997	0.001
0.001	0.001	0.997	0.001
>ACGCTGAG	3-ACGCTGAG	9.146234	-11.450848	0	T:10.0(16.39%),B:429.8(2.90%),P:1e-4	Tpos:1338.8,Tstd:181.6,Bpos:1213.3,Bstd:505.7,StrandBias:-0.3,Multiplicity:1.10
0.913	0.085	0.001	0.001
0.001	0.997	0.001	0.001
0.001	0.001	0.997	0.001
0.001	0.997	0.001	0.001
0.001	0.001	0.001	0.997
0.001	0.099	0.899	0.001
0.821	0.001	0.177	0.001
0.001	0.001	0.997	0.001
>TCTCGCGA	4-TCTCGCGA	7.477018	-8.074837	0	T:18.0(29.51%),B:1832.4(12.37%),P:1e-3	Tpos:1127.3,Tstd:428.8,Bpos:1173.1,Bstd:509.3,StrandBias:0.4,Multiplicity:1.33
0.001	0.328	0.001	0.670
0.001	0.590	0.001	0.408
0.001	0.001	0.001	0.997
0.001	0.549	0.188	0.262
0.188	0.001	0.570	0.241
0.006	0.992	0.001	0.001
0.163	0.001	0.756	0.080
0.997	0.001	0.001	0.001
>GACGACGA	5-GACGACGA	5.887206	-8.069043	0	T:28.0(45.90%),B:3693.3(24.94%),P:1e-3	Tpos:1120.5,Tstd:514.8,Bpos:1168.7,Bstd:524.4,StrandBias:-0.4,Multiplicity:1.68
0.103	0.053	0.704	0.140
0.757	0.107	0.076	0.060
0.085	0.809	0.086	0.020
0.098	0.059	0.658	0.185
0.829	0.085	0.058	0.028
0.002	0.821	0.114	0.063
0.024	0.021	0.699	0.256
0.747	0.164	0.027	0.062
