>ACTGTTATCT	1-ACTGTTATCT	9.595362	-25.169669	0	T:19.0(31.15%),B:656.9(4.44%),P:1e-10	Tpos:1103.9,Tstd:490.0,Bpos:984.7,Bstd:521.6,StrandBias:-1.0,Multiplicity:1.00
0.997	0.001	0.001	0.001
0.001	0.997	0.001	0.001
0.001	0.162	0.001	0.836
0.001	0.001	0.997	0.001
0.001	0.001	0.001	0.997
0.083	0.271	0.117	0.529
0.997	0.001	0.001	0.001
0.001	0.109	0.295	0.595
0.001	0.772	0.226	0.001
0.001	0.107	0.163	0.729
>TGTCAAGTTC	2-TGTCAAGTTC	7.902962	-20.014140	0	T:21.0(34.43%),B:1121.0(7.57%),P:1e-8	Tpos:1062.0,Tstd:455.4,Bpos:995.8,Bstd:534.0,StrandBias:-0.3,Multiplicity:1.19
0.001	0.001	0.087	0.911
0.001	0.001	0.948	0.050
0.001	0.001	0.001	0.997
0.108	0.826	0.001	0.065
0.859	0.065	0.075	0.001
0.855	0.001	0.099	0.045
0.001	0.001	0.997	0.001
0.001	0.074	0.074	0.851
0.054	0.070	0.068	0.808
0.001	0.997	0.001	0.001
>CCCGGKATAG	3-CCCGGKATAG	8.989369	-18.633327	0	T:5.0(8.20%),B:13.8(0.09%),P:1e-8	Tpos:1298.0,Tstd:223.9,Bpos:1264.9,Bstd:430.7,StrandBias:-0.6,Multiplicity:1.00
0.001	0.997	0.001	0.001
0.001	0.997	0.001	0.001
0.001	0.997	0.001	0.001
0.001	0.001	0.997	0.001
0.088	0.001	0.910	0.001
0.089	0.001	0.424	0.486
0.997	0.001	0.001	0.001
0.001	0.001	0.001	0.997
0.997	0.001	0.001	0.001
0.001	0.001	0.997	0.001
>TCAGGAGAAT	4-TCAGGAGAAT	9.784576	-18.530295	0	T:13.0(21.31%),B:398.8(2.69%),P:1e-8	Tpos:921.1,Tstd:519.8,Bpos:1008.4,Bstd:574.9,StrandBias:0.2,Multiplicity:1.00
0.001	0.001	0.001	0.997
0.001	0.855	0.001	0.143
0.828	0.170	0.001	0.001
0.274	0.001	0.724	0.001
0.001	0.093	0.905	0.001
0.643	0.001	0.001	0.355
0.001	0.126	0.750	0.123
0.848	0.150	0.001	0.001
0.997	0.001	0.001	0.001
0.001	0.001	0.124	0.874
>CGTCAGCATT	5-CGTCAGCATT	8.669266	-18.247687	0	T:16.0(26.23%),B:677.7(4.58%),P:1e-7	Tpos:909.9,Tstd:543.4,Bpos:1027.8,Bstd:522.1,StrandBias:-0.9,Multiplicity:1.25
0.144	0.768	0.087	0.001
0.144	0.081	0.774	0.001
0.077	0.279	0.004	0.640
0.064	0.660	0.205	0.071
0.843	0.002	0.001	0.154
0.005	0.001	0.787	0.207
0.100	0.594	0.098	0.208
0.885	0.113	0.001	0.001
0.209	0.001	0.006	0.784
0.001	0.001	0.001	0.997
>AGCTCAGCGT	6-AGCTCAGCGT	10.050044	-17.234969	0	T:9.0(14.75%),B:164.5(1.11%),P:1e-7	Tpos:1385.7,Tstd:123.8,Bpos:1221.5,Bstd:471.8,StrandBias:0.0,Multiplicity:1.11
0.773	0.225	0.001	0.001
0.001	0.071	0.927	0.001
0.001	0.997	0.001	0.001
0.001	0.294	0.189	0.516
0.001	0.997	0.001	0.001
0.794	0.204	0.001	0.001
0.001	0.001	0.997	0.001
0.001	0.997	0.001	0.001
0.001	0.001	0.997	0.001
0.001	0.001	0.001	0.997
>ATAAACACTA	7-ATAAACACTA	9.747764	-16.854950	0	T:23.0(37.70%),B:1617.8(10.92%),P:1e-7	Tpos:778.7,Tstd:442.8,Bpos:897.2,Bstd:494.8,StrandBias:0.7,Multiplicity:1.39
0.942	0.045	0.012	0.001
0.016	0.080	0.039	0.865
0.951	0.001	0.047	0.001
0.965	0.001	0.001	0.033
0.950	0.001	0.001	0.048
0.065	0.914	0.001	0.020
0.943	0.001	0.055	0.001
0.001	0.846	0.020	0.133
0.085	0.210	0.001	0.704
0.937	0.017	0.001	0.045
>CACGCCGAAT	8-CACGCCGAAT	11.208329	-15.859689	0	T:5.0(8.20%),B:26.0(0.18%),P:1e-6	Tpos:1205.0,Tstd:593.1,Bpos:1340.2,Bstd:364.5,StrandBias:0.6,Multiplicity:1.00
0.001	0.815	0.183	0.001
0.836	0.001	0.162	0.001
0.110	0.751	0.138	0.001
0.001	0.001	0.887	0.111
0.001	0.997	0.001	0.001
0.001	0.997	0.001	0.001
0.001	0.142	0.856	0.001
0.997	0.001	0.001	0.001
0.997	0.001	0.001	0.001
0.001	0.001	0.001	0.997
>AAAAGATGAT	9-AAAAGATGAT	11.278621	-13.307802	0	T:12.0(19.67%),B:530.3(3.58%),P:1e-5	Tpos:650.6,Tstd:501.7,Bpos:806.1,Bstd:503.2,StrandBias:-0.4,Multiplicity:1.17
0.997	0.001	0.001	0.001
0.796	0.001	0.001	0.202
0.997	0.001	0.001	0.001
0.997	0.001	0.001	0.001
0.177	0.078	0.744	0.001
0.997	0.001	0.001	0.001
0.001	0.001	0.001	0.997
0.001	0.232	0.621	0.146
0.878	0.120	0.001	0.001
0.001	0.001	0.001	0.997
>AAATATAAGT	10-AAATATAAGT	7.922289	-12.052743	0	T:27.0(44.26%),B:2809.8(18.97%),P:1e-5	Tpos:840.2,Tstd:428.2,Bpos:858.3,Bstd:481.6,StrandBias:-0.6,Multiplicity:1.37
0.728	0.077	0.091	0.104
0.851	0.147	0.001	0.001
0.803	0.057	0.085	0.055
0.004	0.001	0.089	0.906
0.876	0.096	0.027	0.001
0.001	0.001	0.001	0.997
0.997	0.001	0.001	0.001
0.928	0.001	0.070	0.001
0.001	0.240	0.758	0.001
0.034	0.048	0.001	0.917
>GTCTGGSAGG	11-GTCTGGSAGG	9.816072	-11.762631	0	T:8.0(13.11%),B:242.7(1.64%),P:1e-5	Tpos:1235.5,Tstd:376.5,Bpos:1031.5,Bstd:541.3,StrandBias:0.8,Multiplicity:1.38
0.001	0.001	0.807	0.191
0.001	0.001	0.001	0.997
0.001	0.813	0.185	0.001
0.001	0.218	0.001	0.780
0.001	0.002	0.743	0.254
0.001	0.008	0.796	0.195
0.001	0.458	0.540	0.001
0.833	0.042	0.001	0.124
0.266	0.001	0.732	0.001
0.001	0.225	0.773	0.001
>AAAAAACGGG	12-AAAAAACGGG	12.284733	-11.759743	0	T:5.0(8.20%),B:62.6(0.42%),P:1e-5	Tpos:925.3,Tstd:480.4,Bpos:1107.1,Bstd:502.9,StrandBias:-2.3,Multiplicity:1.20
0.997	0.001	0.001	0.001
0.997	0.001	0.001	0.001
0.997	0.001	0.001	0.001
0.997	0.001	0.001	0.001
0.786	0.212	0.001	0.001
0.997	0.001	0.001	0.001
0.001	0.997	0.001	0.001
0.001	0.001	0.997	0.001
0.001	0.001	0.997	0.001
0.001	0.001	0.997	0.001
>AAGTCATGGA	13-AAGTCATGGA	11.793476	-9.714894	0	T:5.0(8.20%),B:97.9(0.66%),P:1e-4	Tpos:573.5,Tstd:320.8,Bpos:944.8,Bstd:528.0,StrandBias:-1.0,Multiplicity:1.20
0.731	0.267	0.001	0.001
0.997	0.001	0.001	0.001
0.056	0.001	0.871	0.072
0.069	0.001	0.001	0.929
0.077	0.921	0.001	0.001
0.770	0.001	0.128	0.101
0.001	0.001	0.001	0.997
0.089	0.001	0.834	0.076
0.001	0.001	0.997	0.001
0.997	0.001	0.001	0.001
>GACTTAAGGA	14-GACTTAAGGA	8.350283	-8.439600	0	T:10.0(16.39%),B:618.8(4.18%),P:1e-3	Tpos:953.5,Tstd:324.7,Bpos:1002.2,Bstd:513.5,StrandBias:-1.4,Multiplicity:1.10
0.100	0.100	0.700	0.100
0.700	0.100	0.100	0.100
0.100	0.700	0.100	0.100
0.100	0.100	0.100	0.700
0.100	0.100	0.100	0.700
0.700	0.100	0.100	0.100
0.700	0.100	0.100	0.100
0.100	0.100	0.700	0.100
0.100	0.100	0.700	0.100
0.700	0.100	0.100	0.100
>CCCCCTCCCC	15-CCCCCTCCCC	6.676350	-6.270217	0	T:13.0(21.31%),B:1277.8(8.63%),P:1e-2	Tpos:1086.2,Tstd:367.4,Bpos:1025.0,Bstd:491.7,StrandBias:-0.5,Multiplicity:1.23
0.147	0.564	0.079	0.210
0.123	0.642	0.083	0.152
0.134	0.565	0.101	0.200
0.144	0.518	0.072	0.266
0.101	0.660	0.092	0.147
0.169	0.164	0.098	0.569
0.100	0.706	0.079	0.115
0.089	0.614	0.109	0.188
0.110	0.576	0.109	0.205
0.178	0.589	0.106	0.127
>TTCTCGCGAG	16-TTCTCGCGAG	13.118462	-4.821461	0	T:2.0(3.28%),B:31.3(0.21%),P:1e-2	Tpos:1420.0,Tstd:52.1,Bpos:1237.4,Bstd:462.4,StrandBias:1.6,Multiplicity:2.00
0.089	0.127	0.296	0.488
0.001	0.001	0.001	0.997
0.001	0.997	0.001	0.001
0.001	0.001	0.001	0.997
0.001	0.997	0.001	0.001
0.001	0.001	0.997	0.001
0.001	0.997	0.001	0.001
0.001	0.001	0.997	0.001
0.997	0.001	0.001	0.001
0.001	0.001	0.997	0.001
