>ACTGTTAT	1-ACTGTTAT	9.351206	-13.698246	0	T:23.0(37.70%),B:1927.8(13.02%),P:1e-5	Tpos:867.8,Tstd:464.7,Bpos:907.5,Bstd:529.3,StrandBias:-0.6,Multiplicity:1.09
0.997	0.001	0.001	0.001
0.001	0.997	0.001	0.001
0.001	0.001	0.001	0.997
0.001	0.001	0.997	0.001
0.001	0.083	0.001	0.915
0.001	0.213	0.001	0.785
0.997	0.001	0.001	0.001
0.001	0.001	0.083	0.915
>ACTTAAGG	2-ACTTAAGG	8.725915	-11.817157	0	T:11.0(18.03%),B:509.2(3.44%),P:1e-5	Tpos:841.8,Tstd:449.6,Bpos:980.2,Bstd:528.5,StrandBias:-1.0,Multiplicity:1.09
0.997	0.001	0.001	0.001
0.001	0.997	0.001	0.001
0.001	0.096	0.170	0.733
0.001	0.001	0.001	0.997
0.997	0.001	0.001	0.001
0.997	0.001	0.001	0.001
0.001	0.001	0.997	0.001
0.001	0.001	0.997	0.001
>ACGCTGAG	3-ACGCTGAG	9.146234	-11.450848	0	T:10.0(16.39%),B:429.8(2.90%),P:1e-4	Tpos:1338.8,Tstd:181.6,Bpos:1213.3,Bstd:505.7,StrandBias:-0.3,Multiplicity:1.10
0.913	0.085	0.001	0.001
0.001	0.997	0.001	0.001
0.001	0.001	0.997	0.001
0.001	0.997	0.001	0.001
0.001	0.001	0.001	0.997
0.001	0.099	0.899	0.001
0.821	0.001	0.177	0.001
0.001	0.001	0.997	0.001
>TCTCGCGA	4-TCTCGCGA	7.477018	-8.074837	0	T:18.0(29.51%),B:1832.4(12.37%),P:1e-3	Tpos:1127.3,Tstd:428.8,Bpos:1173.1,Bstd:509.3,StrandBias:0.4,Multiplicity:1.33
0.001	0.328	0.001	0.670
0.001	0.590	0.001	0.408
0.001	0.001	0.001	0.997
0.001	0.549	0.188	0.262
0.188	0.001	0.570	0.241
0.006	0.992	0.001	0.001
0.163	0.001	0.756	0.080
0.997	0.001	0.001	0.001
>GACGACGA	5-GACGACGA	5.887206	-8.069043	0	T:28.0(45.90%),B:3693.3(24.94%),P:1e-3	Tpos:1120.5,Tstd:514.8,Bpos:1168.7,Bstd:524.4,StrandBias:-0.4,Multiplicity:1.68
0.103	0.053	0.704	0.140
0.757	0.107	0.076	0.060
0.085	0.809	0.086	0.020
0.098	0.059	0.658	0.185
0.829	0.085	0.058	0.028
0.002	0.821	0.114	0.063
0.024	0.021	0.699	0.256
0.747	0.164	0.027	0.062
