>AACATGAACATT	1-AACATGAACATT	12.213833	-22.869728	0	T:11.0(18.03%),B:165.3(1.12%),P:1e-9	Tpos:866.5,Tstd:464.8,Bpos:823.2,Bstd:476.5,StrandBias:-0.7,Multiplicity:1.18
0.997	0.001	0.001	0.001
0.997	0.001	0.001	0.001
0.056	0.942	0.001	0.001
0.997	0.001	0.001	0.001
0.001	0.001	0.001	0.997
0.150	0.001	0.848	0.001
0.870	0.001	0.128	0.001
0.997	0.001	0.001	0.001
0.001	0.997	0.001	0.001
0.636	0.146	0.123	0.095
0.001	0.109	0.001	0.889
0.001	0.001	0.088	0.910
>AAAGATTTTGGA	2-AAAGATTTTGGA	13.079219	-19.999626	0	T:8.0(13.11%),B:78.8(0.53%),P:1e-8	Tpos:810.0,Tstd:356.5,Bpos:859.7,Bstd:397.2,StrandBias:0.7,Multiplicity:1.00
0.997	0.001	0.001	0.001
0.997	0.001	0.001	0.001
0.721	0.001	0.157	0.121
0.001	0.077	0.853	0.069
0.997	0.001	0.001	0.001
0.001	0.001	0.001	0.997
0.001	0.001	0.156	0.842
0.001	0.001	0.001	0.997
0.001	0.157	0.144	0.698
0.001	0.001	0.997	0.001
0.001	0.001	0.997	0.001
0.997	0.001	0.001	0.001
>AATTTMCCTTTT	3-AATTTMCCTTTT	10.799243	-19.892641	0	T:17.0(27.87%),B:696.5(4.70%),P:1e-8	Tpos:887.8,Tstd:442.6,Bpos:837.1,Bstd:473.9,StrandBias:0.5,Multiplicity:1.12
0.882	0.116	0.001	0.001
0.865	0.001	0.133	0.001
0.001	0.001	0.001	0.997
0.001	0.066	0.002	0.931
0.001	0.066	0.058	0.875
0.402	0.481	0.001	0.117
0.103	0.845	0.001	0.051
0.180	0.588	0.166	0.066
0.142	0.001	0.003	0.854
0.001	0.077	0.001	0.921
0.066	0.001	0.085	0.848
0.002	0.073	0.001	0.924
>TGGMGKGACTGT	4-TGGMGKGACTGT	12.055015	-18.227162	0	T:7.0(11.48%),B:63.0(0.43%),P:1e-7	Tpos:1181.6,Tstd:489.9,Bpos:1111.9,Bstd:509.3,StrandBias:-0.4,Multiplicity:1.00
0.001	0.001	0.001	0.997
0.001	0.162	0.836	0.001
0.135	0.001	0.710	0.154
0.393	0.437	0.001	0.169
0.001	0.001	0.997	0.001
0.001	0.001	0.451	0.547
0.001	0.001	0.997	0.001
0.710	0.135	0.001	0.154
0.277	0.721	0.001	0.001
0.001	0.001	0.001	0.997
0.001	0.001	0.997	0.001
0.001	0.001	0.001	0.997
>GCTAGCTGTCAA	5-GCTAGCTGTCAA	9.414839	-18.155215	0	T:14.0(22.95%),B:495.4(3.35%),P:1e-7	Tpos:1214.2,Tstd:330.2,Bpos:1000.7,Bstd:557.6,StrandBias:-0.2,Multiplicity:1.07
0.001	0.001	0.997	0.001
0.129	0.628	0.109	0.134
0.108	0.001	0.001	0.890
0.717	0.001	0.141	0.141
0.160	0.001	0.838	0.001
0.001	0.838	0.001	0.160
0.140	0.001	0.001	0.858
0.001	0.001	0.997	0.001
0.005	0.001	0.001	0.993
0.135	0.730	0.134	0.001
0.838	0.001	0.160	0.001
0.697	0.001	0.161	0.141
>ACAAAAGAWCAT	6-ACAAAAGAWCAT	11.761248	-18.104281	0	T:8.0(13.11%),B:101.5(0.69%),P:1e-7	Tpos:975.5,Tstd:480.8,Bpos:856.6,Bstd:448.1,StrandBias:-1.6,Multiplicity:1.14
0.964	0.001	0.034	0.001
0.023	0.944	0.001	0.032
0.964	0.034	0.001	0.001
0.997	0.001	0.001	0.001
0.997	0.001	0.001	0.001
0.997	0.001	0.001	0.001
0.001	0.403	0.595	0.001
0.997	0.001	0.001	0.001
0.441	0.001	0.001	0.557
0.001	0.997	0.001	0.001
0.997	0.001	0.001	0.001
0.001	0.001	0.001	0.997
>GTGCARCAAKCY	7-GTGCARCAAKCY	11.489964	-17.827665	0	T:7.0(11.48%),B:66.2(0.45%),P:1e-7	Tpos:1244.4,Tstd:202.3,Bpos:1020.1,Bstd:567.3,StrandBias:1.0,Multiplicity:1.29
0.001	0.001	0.997	0.001
0.001	0.001	0.001	0.997
0.001	0.001	0.997	0.001
0.001	0.997	0.001	0.001
0.997	0.001	0.001	0.001
0.439	0.131	0.300	0.131
0.001	0.588	0.410	0.001
0.997	0.001	0.001	0.001
0.859	0.001	0.139	0.001
0.131	0.001	0.428	0.441
0.001	0.718	0.280	0.001
0.149	0.443	0.001	0.406
>TTAAATATAAGT	8-TTAAATATAAGT	13.081595	-17.544742	0	T:8.0(13.11%),B:109.3(0.74%),P:1e-7	Tpos:670.4,Tstd:418.8,Bpos:951.6,Bstd:486.3,StrandBias:0.3,Multiplicity:1.12
0.001	0.247	0.001	0.751
0.001	0.001	0.001	0.997
0.997	0.001	0.001	0.001
0.845	0.153	0.001	0.001
0.997	0.001	0.001	0.001
0.001	0.001	0.001	0.997
0.601	0.397	0.001	0.001
0.001	0.001	0.001	0.997
0.863	0.135	0.001	0.001
0.835	0.001	0.001	0.163
0.001	0.001	0.997	0.001
0.106	0.160	0.001	0.733
>GAAGACGATGAA	9-GAAGACGATGAA	10.532712	-17.534042	0	T:11.0(18.03%),B:281.5(1.90%),P:1e-7	Tpos:836.9,Tstd:551.9,Bpos:1143.1,Bstd:510.6,StrandBias:-0.2,Multiplicity:1.27
0.231	0.111	0.657	0.001
0.811	0.187	0.001	0.001
0.992	0.003	0.004	0.001
0.001	0.001	0.913	0.085
0.997	0.001	0.001	0.001
0.130	0.711	0.111	0.048
0.064	0.001	0.934	0.001
0.918	0.080	0.001	0.001
0.083	0.165	0.001	0.751
0.073	0.086	0.567	0.274
0.997	0.001	0.001	0.001
0.763	0.001	0.080	0.156
>GGATTTCAAAAA	10-GGATTTCAAAAA	10.841210	-16.534064	0	T:11.0(18.03%),B:311.6(2.10%),P:1e-7	Tpos:940.0,Tstd:527.9,Bpos:873.0,Bstd:507.6,StrandBias:-1.0,Multiplicity:1.09
0.092	0.001	0.838	0.069
0.089	0.176	0.731	0.004
0.903	0.095	0.001	0.001
0.001	0.001	0.001	0.997
0.001	0.001	0.001	0.997
0.048	0.319	0.001	0.632
0.152	0.810	0.001	0.037
0.910	0.088	0.001	0.001
0.997	0.001	0.001	0.001
0.808	0.119	0.001	0.072
0.683	0.124	0.089	0.104
0.710	0.119	0.170	0.001
>AGTCATGGAAAA	11-AGTCATGGAAAA	13.487955	-16.418536	0	T:5.0(8.20%),B:22.1(0.15%),P:1e-7	Tpos:613.8,Tstd:340.4,Bpos:828.4,Bstd:498.4,StrandBias:-2.3,Multiplicity:1.20
0.917	0.001	0.081	0.001
0.079	0.001	0.822	0.098
0.001	0.001	0.001	0.997
0.092	0.906	0.001	0.001
0.884	0.001	0.001	0.114
0.001	0.001	0.001	0.997
0.088	0.001	0.806	0.105
0.001	0.001	0.997	0.001
0.997	0.001	0.001	0.001
0.867	0.131	0.001	0.001
0.867	0.001	0.001	0.131
0.997	0.001	0.001	0.001
>GAGACCACAGTA	12-GAGACCACAGTA	14.189919	-16.306942	0	T:4.0(6.56%),B:7.6(0.05%),P:1e-7	Tpos:1004.8,Tstd:280.9,Bpos:1094.6,Bstd:661.5,StrandBias:10.0,Multiplicity:1.25
0.219	0.001	0.779	0.001
0.997	0.001	0.001	0.001
0.001	0.001	0.997	0.001
0.997	0.001	0.001	0.001
0.001	0.807	0.001	0.191
0.001	0.997	0.001	0.001
0.997	0.001	0.001	0.001
0.001	0.997	0.001	0.001
0.823	0.001	0.001	0.175
0.191	0.001	0.807	0.001
0.001	0.001	0.001	0.997
0.997	0.001	0.001	0.001
>AGGACTTGTAHG	13-AGGACTTGTAHG	8.838218	-15.271840	0	T:14.0(22.95%),B:628.7(4.25%),P:1e-6	Tpos:925.6,Tstd:503.8,Bpos:984.3,Bstd:525.6,StrandBias:0.7,Multiplicity:1.14
0.950	0.048	0.001	0.001
0.081	0.049	0.753	0.117
0.097	0.097	0.681	0.125
0.863	0.135	0.001	0.001
0.001	0.796	0.130	0.073
0.048	0.001	0.001	0.950
0.001	0.001	0.041	0.957
0.188	0.049	0.604	0.159
0.042	0.097	0.113	0.748
0.703	0.001	0.176	0.120
0.233	0.355	0.171	0.241
0.147	0.042	0.647	0.164
>TAATATTATCCT	14-TAATATTATCCT	10.827952	-14.654299	0	T:9.0(14.75%),B:225.8(1.52%),P:1e-6	Tpos:909.8,Tstd:472.5,Bpos:920.2,Bstd:484.1,StrandBias:0.6,Multiplicity:1.11
0.093	0.171	0.001	0.735
0.927	0.001	0.071	0.001
0.905	0.001	0.001	0.093
0.131	0.075	0.001	0.793
0.905	0.001	0.001	0.093
0.001	0.001	0.200	0.798
0.001	0.093	0.001	0.905
0.782	0.093	0.001	0.124
0.121	0.094	0.151	0.634
0.003	0.854	0.079	0.064
0.002	0.888	0.107	0.003
0.001	0.001	0.106	0.892
>AGTCAGTCTGAC	15-AGTCAGTCTGAC	14.087279	-13.054131	0	T:4.0(6.56%),B:19.0(0.13%),P:1e-5	Tpos:1020.2,Tstd:455.7,Bpos:1140.5,Bstd:459.9,StrandBias:0.0,Multiplicity:1.00
0.805	0.193	0.001	0.001
0.001	0.001	0.997	0.001
0.001	0.001	0.001	0.997
0.226	0.772	0.001	0.001
0.997	0.001	0.001	0.001
0.001	0.001	0.997	0.001
0.226	0.001	0.001	0.772
0.001	0.997	0.001	0.001
0.001	0.001	0.001	0.997
0.001	0.001	0.997	0.001
0.997	0.001	0.001	0.001
0.001	0.831	0.167	0.001
>GGAGAAAAAGGC	16-GGAGAAAAAGGC	15.478552	-12.527440	0	T:3.0(4.92%),B:5.3(0.04%),P:1e-5	Tpos:824.5,Tstd:558.1,Bpos:1081.8,Bstd:487.1,StrandBias:10.0,Multiplicity:1.33
0.001	0.001	0.997	0.001
0.001	0.001	0.997	0.001
0.997	0.001	0.001	0.001
0.001	0.001	0.997	0.001
0.997	0.001	0.001	0.001
0.997	0.001	0.001	0.001
0.997	0.001	0.001	0.001
0.997	0.001	0.001	0.001
0.997	0.001	0.001	0.001
0.001	0.001	0.997	0.001
0.001	0.325	0.673	0.001
0.001	0.997	0.001	0.001
>CTGAATGSTCAC	17-CTGAATGSTCAC	12.211314	-10.298644	0	T:4.0(6.56%),B:42.0(0.28%),P:1e-4	Tpos:896.5,Tstd:578.0,Bpos:1081.7,Bstd:448.5,StrandBias:2.3,Multiplicity:1.50
0.001	0.997	0.001	0.001
0.001	0.001	0.001	0.997
0.192	0.001	0.615	0.192
0.779	0.219	0.001	0.001
0.997	0.001	0.001	0.001
0.191	0.001	0.001	0.807
0.001	0.001	0.997	0.001
0.192	0.356	0.452	0.001
0.001	0.219	0.001	0.779
0.163	0.835	0.001	0.001
0.997	0.001	0.001	0.001
0.001	0.807	0.191	0.001
>CCCCCCCCCCCC	18-CCCCCCCCCCCC	8.728081	-9.885577	0	T:12.0(19.67%),B:749.2(5.06%),P:1e-4	Tpos:1022.0,Tstd:340.8,Bpos:963.7,Bstd:492.6,StrandBias:-0.6,Multiplicity:1.17
0.002	0.844	0.111	0.043
0.043	0.884	0.072	0.001
0.001	0.792	0.083	0.124
0.001	0.997	0.001	0.001
0.001	0.795	0.118	0.086
0.001	0.831	0.051	0.117
0.001	0.916	0.001	0.082
0.131	0.867	0.001	0.001
0.139	0.750	0.001	0.110
0.083	0.760	0.001	0.156
0.121	0.756	0.001	0.122
0.064	0.826	0.001	0.109
>TCTCGCGAGAAT	19-TCTCGCGAGAAT	14.847693	-7.223292	0	T:2.0(3.28%),B:8.8(0.06%),P:1e-3	Tpos:1413.0,Tstd:58.0,Bpos:1012.5,Bstd:598.3,StrandBias:-1.0,Multiplicity:1.50
0.001	0.001	0.001	0.997
0.001	0.997	0.001	0.001
0.001	0.001	0.001	0.997
0.001	0.997	0.001	0.001
0.001	0.001	0.997	0.001
0.001	0.997	0.001	0.001
0.001	0.001	0.997	0.001
0.997	0.001	0.001	0.001
0.001	0.001	0.997	0.001
0.997	0.001	0.001	0.001
0.627	0.189	0.183	0.001
0.001	0.147	0.275	0.577
