>CTGGGAACTGTG	1-CTGGGAACTGTG	11.000883	-30.897621	0	T:55.0(6.67%),B:576.7(1.95%),P:1e-13	Tpos:961.9,Tstd:474.8,Bpos:957.8,Bstd:503.6,StrandBias:0.1,Multiplicity:1.04
0.098	0.725	0.069	0.108
0.001	0.001	0.001	0.997
0.001	0.001	0.912	0.086
0.001	0.001	0.997	0.001
0.146	0.031	0.822	0.001
0.663	0.255	0.081	0.001
0.997	0.001	0.001	0.001
0.001	0.986	0.012	0.001
0.001	0.204	0.001	0.794
0.178	0.264	0.557	0.001
0.001	0.340	0.001	0.658
0.213	0.162	0.554	0.071
>ACATTTAGCACT	2-ACATTTAGCACT	11.669346	-29.272637	0	T:18.0(2.18%),B:50.3(0.17%),P:1e-12	Tpos:968.7,Tstd:408.3,Bpos:779.4,Bstd:429.4,StrandBias:0.5,Multiplicity:1.06
0.997	0.001	0.001	0.001
0.113	0.814	0.001	0.072
0.912	0.086	0.001	0.001
0.001	0.097	0.001	0.901
0.113	0.001	0.139	0.747
0.001	0.001	0.001	0.997
0.886	0.001	0.001	0.112
0.001	0.001	0.997	0.001
0.001	0.997	0.001	0.001
0.859	0.001	0.113	0.027
0.001	0.886	0.001	0.112
0.001	0.001	0.001	0.997
>TCCTCACGGCTG	3-TCCTCACGGCTG	11.958391	-27.304784	0	T:22.0(2.67%),B:98.2(0.33%),P:1e-11	Tpos:1109.8,Tstd:491.3,Bpos:1168.9,Bstd:569.7,StrandBias:0.6,Multiplicity:1.00
0.001	0.001	0.083	0.915
0.082	0.916	0.001	0.001
0.082	0.916	0.001	0.001
0.001	0.001	0.038	0.960
0.057	0.941	0.001	0.001
0.719	0.001	0.157	0.123
0.001	0.976	0.022	0.001
0.043	0.058	0.898	0.001
0.083	0.188	0.724	0.005
0.001	0.935	0.001	0.063
0.001	0.001	0.001	0.997
0.001	0.119	0.797	0.083
>AAGCATGTTTGA	4-AAGCATGTTTGA	11.586318	-26.407404	0	T:21.0(2.55%),B:93.0(0.31%),P:1e-11	Tpos:767.2,Tstd:458.5,Bpos:655.2,Bstd:432.6,StrandBias:1.4,Multiplicity:1.05
0.911	0.001	0.087	0.001
0.997	0.001	0.001	0.001
0.001	0.052	0.946	0.001
0.001	0.997	0.001	0.001
0.754	0.065	0.102	0.079
0.052	0.001	0.001	0.946
0.001	0.001	0.876	0.122
0.023	0.001	0.001	0.975
0.065	0.001	0.065	0.869
0.087	0.001	0.001	0.911
0.110	0.001	0.888	0.001
0.928	0.001	0.001	0.070
>CTGGATCCTTAG	5-CTGGATCCTTAG	9.279061	-24.435680	0	T:95.0(11.52%),B:1610.0(5.45%),P:1e-10	Tpos:776.7,Tstd:450.3,Bpos:839.4,Bstd:502.7,StrandBias:0.1,Multiplicity:1.07
0.023	0.807	0.013	0.157
0.065	0.037	0.065	0.833
0.015	0.016	0.721	0.248
0.095	0.249	0.642	0.014
0.566	0.037	0.146	0.251
0.085	0.020	0.085	0.810
0.009	0.747	0.008	0.236
0.014	0.783	0.011	0.192
0.045	0.087	0.064	0.804
0.022	0.078	0.008	0.892
0.697	0.001	0.190	0.112
0.015	0.061	0.859	0.065
>AAAACCCACAAG	6-AAAACCCACAAG	12.364063	-24.277847	0	T:25.0(3.03%),B:156.4(0.53%),P:1e-10	Tpos:939.5,Tstd:429.4,Bpos:722.9,Bstd:451.8,StrandBias:0.8,Multiplicity:1.00
0.997	0.001	0.001	0.001
0.997	0.001	0.001	0.001
0.923	0.075	0.001	0.001
0.928	0.001	0.029	0.042
0.052	0.786	0.161	0.001
0.038	0.936	0.001	0.025
0.039	0.959	0.001	0.001
0.965	0.033	0.001	0.001
0.115	0.771	0.026	0.088
0.879	0.119	0.001	0.001
0.997	0.001	0.001	0.001
0.045	0.076	0.878	0.001
>CTGCCACTGGAC	7-CTGCCACTGGAC	11.528018	-24.035579	0	T:28.0(3.39%),B:201.5(0.68%),P:1e-10	Tpos:889.6,Tstd:490.0,Bpos:913.1,Bstd:537.1,StrandBias:-1.2,Multiplicity:1.04
0.001	0.997	0.001	0.001
0.299	0.001	0.001	0.699
0.001	0.001	0.743	0.255
0.001	0.727	0.027	0.245
0.001	0.846	0.152	0.001
0.814	0.001	0.001	0.184
0.001	0.907	0.001	0.091
0.001	0.001	0.001	0.997
0.107	0.001	0.685	0.207
0.001	0.001	0.997	0.001
0.816	0.101	0.014	0.069
0.001	0.765	0.083	0.151
>AGTTGCAATGGG	8-AGTTGCAATGGG	12.870223	-23.926407	0	T:14.0(1.70%),B:37.0(0.13%),P:1e-10	Tpos:868.5,Tstd:540.7,Bpos:835.5,Bstd:473.6,StrandBias:0.6,Multiplicity:1.07
0.997	0.001	0.001	0.001
0.001	0.001	0.997	0.001
0.001	0.070	0.078	0.851
0.001	0.001	0.077	0.921
0.001	0.001	0.911	0.087
0.059	0.939	0.001	0.001
0.997	0.001	0.001	0.001
0.997	0.001	0.001	0.001
0.125	0.001	0.070	0.804
0.101	0.125	0.773	0.001
0.001	0.001	0.898	0.100
0.001	0.001	0.997	0.001
>AGGAGCCCARGA	9-AGGAGCCCARGA	9.904808	-23.901019	0	T:33.0(4.00%),B:281.9(0.95%),P:1e-10	Tpos:798.5,Tstd:487.6,Bpos:999.5,Bstd:514.3,StrandBias:0.3,Multiplicity:1.00
0.689	0.245	0.037	0.029
0.032	0.023	0.716	0.229
0.274	0.175	0.433	0.118
0.603	0.138	0.240	0.019
0.305	0.029	0.626	0.040
0.227	0.698	0.036	0.039
0.031	0.891	0.038	0.040
0.033	0.694	0.027	0.246
0.461	0.189	0.180	0.170
0.473	0.016	0.326	0.185
0.026	0.033	0.904	0.037
0.553	0.174	0.042	0.231
>GTCCTCCCTGAG	10-GTCCTCCCTGAG	9.930986	-23.644644	0	T:29.0(3.52%),B:220.2(0.75%),P:1e-10	Tpos:1065.3,Tstd:442.1,Bpos:1034.8,Bstd:493.3,StrandBias:0.3,Multiplicity:1.00
0.039	0.035	0.872	0.054
0.036	0.047	0.182	0.735
0.160	0.646	0.157	0.037
0.163	0.573	0.097	0.167
0.164	0.041	0.144	0.651
0.013	0.778	0.033	0.176
0.167	0.742	0.056	0.035
0.172	0.774	0.018	0.036
0.175	0.109	0.141	0.575
0.029	0.213	0.721	0.037
0.742	0.034	0.026	0.198
0.165	0.162	0.642	0.031
>CGCGTCGATTCC	11-CGCGTCGATTCC	13.247705	-23.606771	0	T:10.0(1.21%),B:11.1(0.04%),P:1e-10	Tpos:1187.1,Tstd:349.6,Bpos:1011.1,Bstd:472.7,StrandBias:0.0,Multiplicity:1.00
0.124	0.874	0.001	0.001
0.001	0.124	0.774	0.101
0.001	0.997	0.001	0.001
0.001	0.001	0.997	0.001
0.001	0.001	0.001	0.997
0.001	0.997	0.001	0.001
0.001	0.124	0.874	0.001
0.912	0.001	0.001	0.086
0.001	0.124	0.101	0.774
0.001	0.124	0.001	0.874
0.001	0.997	0.001	0.001
0.001	0.997	0.001	0.001
>GGGGAAGGCCGG	12-GGGGAAGGCCGG	11.971413	-23.312057	0	T:38.0(4.61%),B:375.2(1.27%),P:1e-10	Tpos:1220.7,Tstd:390.8,Bpos:1129.0,Bstd:553.4,StrandBias:0.3,Multiplicity:1.00
0.037	0.023	0.907	0.033
0.065	0.050	0.884	0.001
0.001	0.034	0.924	0.041
0.054	0.031	0.914	0.001
0.997	0.001	0.001	0.001
0.788	0.085	0.094	0.033
0.046	0.001	0.952	0.001
0.001	0.026	0.972	0.001
0.034	0.944	0.021	0.001
0.050	0.867	0.013	0.070
0.001	0.043	0.955	0.001
0.054	0.029	0.916	0.001
>GAGGGAAGCGCC	13-GAGGGAAGCGCC	11.305344	-22.919551	0	T:26.0(3.15%),B:182.6(0.62%),P:1e-9	Tpos:1108.2,Tstd:477.3,Bpos:1159.2,Bstd:436.4,StrandBias:-0.6,Multiplicity:1.08
0.113	0.081	0.677	0.129
0.679	0.195	0.026	0.100
0.074	0.076	0.799	0.051
0.041	0.021	0.842	0.096
0.034	0.039	0.783	0.144
0.802	0.049	0.137	0.012
0.688	0.129	0.156	0.027
0.013	0.231	0.701	0.055
0.040	0.788	0.117	0.055
0.122	0.007	0.634	0.237
0.055	0.933	0.011	0.001
0.015	0.973	0.001	0.011
>TAATTGGTTTGG	14-TAATTGGTTTGG	10.607845	-22.492341	0	T:17.0(2.06%),B:70.9(0.24%),P:1e-9	Tpos:929.1,Tstd:454.5,Bpos:803.6,Bstd:540.2,StrandBias:1.3,Multiplicity:1.00
0.012	0.030	0.192	0.766
0.783	0.038	0.152	0.027
0.638	0.006	0.189	0.167
0.177	0.054	0.200	0.569
0.041	0.028	0.241	0.690
0.233	0.026	0.675	0.066
0.050	0.186	0.742	0.022
0.038	0.046	0.013	0.903
0.038	0.171	0.152	0.639
0.029	0.042	0.083	0.846
0.021	0.010	0.766	0.203
0.056	0.213	0.698	0.033
>GGTTGGTTCTAT	15-GGTTGGTTCTAT	12.461336	-22.254585	0	T:14.0(1.70%),B:42.1(0.14%),P:1e-9	Tpos:886.3,Tstd:467.2,Bpos:862.6,Bstd:448.7,StrandBias:0.4,Multiplicity:1.00
0.001	0.001	0.942	0.056
0.001	0.089	0.833	0.077
0.001	0.001	0.001	0.997
0.001	0.001	0.001	0.997
0.110	0.001	0.800	0.089
0.110	0.068	0.821	0.001
0.001	0.001	0.001	0.997
0.088	0.001	0.001	0.910
0.089	0.821	0.001	0.089
0.001	0.001	0.001	0.997
0.956	0.001	0.042	0.001
0.001	0.001	0.035	0.963
>CCGAGCCGGCTC	16-CCGAGCCGGCTC	13.170431	-20.495726	0	T:16.0(1.94%),B:70.0(0.24%),P:1e-8	Tpos:1248.1,Tstd:345.9,Bpos:1339.9,Bstd:385.4,StrandBias:0.9,Multiplicity:1.00
0.001	0.888	0.058	0.053
0.001	0.825	0.173	0.001
0.029	0.016	0.954	0.001
0.976	0.001	0.022	0.001
0.001	0.001	0.997	0.001
0.001	0.986	0.012	0.001
0.043	0.795	0.131	0.031
0.027	0.029	0.830	0.114
0.033	0.001	0.965	0.001
0.001	0.915	0.001	0.083
0.001	0.001	0.113	0.885
0.001	0.997	0.001	0.001
>GGTACAGAAATT	17-GGTACAGAAATT	10.251687	-20.495726	0	T:16.0(1.94%),B:70.1(0.24%),P:1e-8	Tpos:610.9,Tstd:442.8,Bpos:704.5,Bstd:425.8,StrandBias:-0.7,Multiplicity:1.00
0.039	0.040	0.667	0.254
0.193	0.049	0.566	0.192
0.176	0.211	0.044	0.569
0.669	0.047	0.044	0.240
0.162	0.476	0.185	0.176
0.873	0.027	0.032	0.068
0.043	0.207	0.534	0.216
0.846	0.052	0.059	0.043
0.873	0.045	0.038	0.044
0.676	0.232	0.042	0.050
0.200	0.184	0.040	0.576
0.034	0.214	0.212	0.540
>TGTTGACAGACG	18-TGTTGACAGACG	11.419728	-19.776210	0	T:13.0(1.58%),B:43.6(0.15%),P:1e-8	Tpos:925.3,Tstd:577.1,Bpos:793.2,Bstd:479.4,StrandBias:-0.8,Multiplicity:1.08
0.135	0.001	0.047	0.817
0.232	0.302	0.465	0.001
0.104	0.037	0.187	0.672
0.076	0.001	0.001	0.922
0.001	0.001	0.736	0.262
0.831	0.077	0.030	0.062
0.001	0.860	0.001	0.138
0.997	0.001	0.001	0.001
0.001	0.042	0.956	0.001
0.836	0.062	0.101	0.001
0.189	0.678	0.085	0.048
0.125	0.062	0.812	0.001
>GCACACCTTGGG	19-GCACACCTTGGG	14.451551	-16.684697	0	T:7.0(0.85%),B:8.7(0.03%),P:1e-7	Tpos:801.6,Tstd:508.4,Bpos:821.8,Bstd:660.6,StrandBias:0.4,Multiplicity:1.00
0.001	0.001	0.997	0.001
0.001	0.997	0.001	0.001
0.997	0.001	0.001	0.001
0.001	0.844	0.001	0.154
0.997	0.001	0.001	0.001
0.001	0.890	0.001	0.108
0.001	0.997	0.001	0.001
0.154	0.001	0.001	0.844
0.001	0.001	0.001	0.997
0.001	0.001	0.997	0.001
0.001	0.001	0.997	0.001
0.001	0.001	0.997	0.001
>GGRAAAAAAAMA	20-GGRAAAAAAAMA	10.129856	-16.303826	0	T:182.0(22.06%),B:4439.4(15.03%),P:1e-7	Tpos:827.9,Tstd:443.3,Bpos:801.1,Bstd:490.4,StrandBias:-0.4,Multiplicity:1.16
0.001	0.114	0.840	0.045
0.001	0.001	0.997	0.001
0.430	0.038	0.531	0.001
0.854	0.092	0.053	0.001
0.997	0.001	0.001	0.001
0.592	0.001	0.394	0.013
0.823	0.001	0.110	0.066
0.768	0.022	0.209	0.001
0.997	0.001	0.001	0.001
0.632	0.181	0.157	0.030
0.484	0.351	0.164	0.001
0.632	0.182	0.014	0.172
>TGGGGAGCCCTG	21-TGGGGAGCCCTG	11.280121	-15.217838	0	T:40.0(4.85%),B:562.4(1.90%),P:1e-6	Tpos:1105.2,Tstd:456.4,Bpos:1058.6,Bstd:543.3,StrandBias:-0.5,Multiplicity:1.02
0.027	0.001	0.075	0.897
0.001	0.067	0.931	0.001
0.001	0.001	0.952	0.046
0.001	0.001	0.997	0.001
0.032	0.030	0.937	0.001
0.931	0.001	0.034	0.034
0.001	0.001	0.903	0.095
0.023	0.975	0.001	0.001
0.023	0.852	0.096	0.029
0.116	0.826	0.057	0.001
0.049	0.227	0.019	0.705
0.062	0.187	0.750	0.001
>CATAGGCAAGCA	22-CATAGGCAAGCA	13.263623	-15.040467	0	T:5.0(0.61%),B:2.8(0.01%),P:1e-6	Tpos:983.5,Tstd:165.9,Bpos:1063.0,Bstd:274.6,StrandBias:0.0,Multiplicity:1.20
0.001	0.997	0.001	0.001
0.997	0.001	0.001	0.001
0.001	0.001	0.001	0.997
0.997	0.001	0.001	0.001
0.001	0.001	0.997	0.001
0.001	0.001	0.997	0.001
0.001	0.997	0.001	0.001
0.997	0.001	0.001	0.001
0.835	0.163	0.001	0.001
0.001	0.001	0.781	0.217
0.001	0.997	0.001	0.001
0.997	0.001	0.001	0.001
>GTCGCCTGCGCG	23-GTCGCCTGCGCG	12.406871	-14.090776	0	T:18.0(2.18%),B:149.9(0.51%),P:1e-6	Tpos:1349.6,Tstd:243.6,Bpos:1294.6,Bstd:315.6,StrandBias:1.3,Multiplicity:1.56
0.095	0.001	0.903	0.001
0.001	0.001	0.177	0.821
0.001	0.973	0.025	0.001
0.039	0.001	0.959	0.001
0.078	0.854	0.067	0.001
0.078	0.825	0.001	0.096
0.001	0.001	0.001	0.997
0.001	0.077	0.921	0.001
0.001	0.905	0.093	0.001
0.053	0.001	0.945	0.001
0.001	0.997	0.001	0.001
0.001	0.059	0.939	0.001
>CTCACTGCAAAA	24-CTCACTGCAAAA	16.453982	-14.082376	0	T:5.0(0.61%),B:3.4(0.01%),P:1e-6	Tpos:1038.2,Tstd:286.3,Bpos:948.2,Bstd:508.4,StrandBias:0.6,Multiplicity:1.00
0.001	0.862	0.001	0.136
0.001	0.001	0.001	0.997
0.001	0.997	0.001	0.001
0.997	0.001	0.001	0.001
0.001	0.997	0.001	0.001
0.001	0.001	0.001	0.997
0.001	0.001	0.997	0.001
0.001	0.997	0.001	0.001
0.997	0.001	0.001	0.001
0.997	0.001	0.001	0.001
0.997	0.001	0.001	0.001
0.997	0.001	0.001	0.001
>GCAAGCTGTGAG	25-GCAAGCTGTGAG	2.105771	-8.958772	0	T:154.0(18.67%),B:4121.2(13.95%),P:1e-3	Tpos:887.8,Tstd:517.6,Bpos:981.9,Bstd:540.1,StrandBias:-0.1,Multiplicity:1.17
0.001	0.001	0.997	0.001
0.001	0.997	0.001	0.001
0.905	0.093	0.001	0.001
0.997	0.001	0.001	0.001
0.390	0.001	0.608	0.001
0.001	0.997	0.001	0.001
0.221	0.001	0.001	0.777
0.287	0.001	0.711	0.001
0.001	0.057	0.001	0.941
0.001	0.001	0.997	0.001
0.997	0.001	0.001	0.001
0.001	0.001	0.997	0.001
