>AATAGGCCTT	1-AATAGGCCTT	8.911119	-25.230213	0	T:71.0(8.61%),B:1018.0(3.45%),P:1e-10	Tpos:750.3,Tstd:449.0,Bpos:790.5,Bstd:475.0,StrandBias:0.0,Multiplicity:1.03
0.966	0.001	0.032	0.001
0.974	0.007	0.018	0.001
0.289	0.001	0.037	0.673
0.863	0.024	0.070	0.043
0.001	0.033	0.965	0.001
0.001	0.001	0.977	0.021
0.001	0.997	0.001	0.001
0.020	0.933	0.001	0.046
0.001	0.017	0.068	0.914
0.036	0.184	0.027	0.753
>AGCYGCGCTC	2-AGCYGCGCTC	7.516984	-23.034468	0	T:174.0(21.09%),B:3816.5(12.92%),P:1e-10	Tpos:1233.2,Tstd:409.5,Bpos:1224.2,Bstd:476.9,StrandBias:0.0,Multiplicity:1.14
0.801	0.001	0.197	0.001
0.001	0.055	0.603	0.341
0.001	0.852	0.146	0.001
0.156	0.351	0.046	0.447
0.019	0.213	0.543	0.225
0.275	0.682	0.042	0.001
0.091	0.039	0.869	0.001
0.227	0.425	0.160	0.189
0.098	0.199	0.155	0.548
0.182	0.655	0.162	0.001
>GCAGKCTCAA	3-GCAGKCTCAA	8.237930	-22.442858	0	T:138.0(16.73%),B:2820.6(9.55%),P:1e-9	Tpos:896.1,Tstd:467.7,Bpos:909.5,Bstd:539.2,StrandBias:-0.1,Multiplicity:1.09
0.001	0.001	0.951	0.047
0.001	0.971	0.001	0.027
0.967	0.031	0.001	0.001
0.037	0.139	0.823	0.001
0.057	0.032	0.435	0.475
0.018	0.749	0.044	0.189
0.084	0.001	0.001	0.914
0.019	0.979	0.001	0.001
0.789	0.097	0.113	0.001
0.882	0.066	0.001	0.051
>AAGTGACCCA	4-AAGTGACCCA	8.956960	-22.302231	0	T:84.0(10.18%),B:1403.2(4.75%),P:1e-9	Tpos:869.8,Tstd:475.1,Bpos:917.3,Bstd:512.2,StrandBias:0.1,Multiplicity:1.07
0.997	0.001	0.001	0.001
0.756	0.135	0.078	0.031
0.001	0.001	0.960	0.038
0.001	0.033	0.046	0.920
0.001	0.061	0.937	0.001
0.997	0.001	0.001	0.001
0.001	0.904	0.001	0.094
0.153	0.751	0.001	0.095
0.001	0.932	0.001	0.066
0.888	0.088	0.023	0.001
>AGACAAGGAT	5-AGACAAGGAT	6.237152	-22.199360	0	T:151.0(18.30%),B:3196.0(10.82%),P:1e-9	Tpos:872.5,Tstd:506.8,Bpos:784.9,Bstd:483.0,StrandBias:-0.0,Multiplicity:1.12
0.445	0.159	0.191	0.205
0.182	0.082	0.454	0.282
0.652	0.308	0.030	0.010
0.008	0.572	0.271	0.149
0.705	0.223	0.033	0.039
0.446	0.124	0.225	0.205
0.014	0.177	0.530	0.279
0.288	0.008	0.664	0.040
0.452	0.212	0.225	0.111
0.011	0.259	0.203	0.527
>TTGTTGTTGA	6-TTGTTGTTGA	8.439669	-21.912242	0	T:132.0(16.00%),B:2677.1(9.06%),P:1e-9	Tpos:652.5,Tstd:440.3,Bpos:701.0,Bstd:454.9,StrandBias:0.0,Multiplicity:1.06
0.001	0.001	0.001	0.997
0.001	0.001	0.043	0.955
0.044	0.083	0.872	0.001
0.026	0.071	0.001	0.902
0.062	0.001	0.001	0.936
0.028	0.001	0.920	0.051
0.114	0.001	0.001	0.884
0.076	0.001	0.001	0.922
0.046	0.084	0.830	0.040
0.775	0.061	0.058	0.106
>TGGTATTTTC	7-TGGTATTTTC	10.110263	-21.834555	0	T:55.0(6.67%),B:741.7(2.51%),P:1e-9	Tpos:813.8,Tstd:464.3,Bpos:715.3,Bstd:442.3,StrandBias:0.2,Multiplicity:1.00
0.001	0.018	0.060	0.921
0.241	0.001	0.723	0.035
0.050	0.143	0.683	0.124
0.001	0.095	0.001	0.903
0.969	0.001	0.001	0.029
0.019	0.052	0.021	0.908
0.001	0.001	0.001	0.997
0.001	0.015	0.032	0.952
0.001	0.001	0.001	0.997
0.001	0.937	0.001	0.061
>AGCCTAAGAG	8-AGCCTAAGAG	7.407104	-21.166019	0	T:259.0(31.39%),B:6516.8(22.06%),P:1e-9	Tpos:906.4,Tstd:498.4,Bpos:902.7,Bstd:522.2,StrandBias:-0.1,Multiplicity:1.23
0.848	0.065	0.043	0.044
0.071	0.038	0.813	0.078
0.080	0.762	0.106	0.052
0.046	0.799	0.051	0.104
0.091	0.098	0.039	0.772
0.729	0.063	0.150	0.058
0.821	0.070	0.075	0.034
0.083	0.056	0.830	0.031
0.853	0.077	0.023	0.047
0.024	0.109	0.780	0.087
>CGGACAAGCT	9-CGGACAAGCT	9.329037	-20.295638	0	T:56.0(6.79%),B:798.8(2.70%),P:1e-8	Tpos:920.2,Tstd:500.3,Bpos:978.9,Bstd:528.6,StrandBias:0.3,Multiplicity:1.02
0.046	0.914	0.039	0.001
0.024	0.036	0.838	0.102
0.036	0.065	0.849	0.050
0.939	0.001	0.038	0.022
0.021	0.919	0.016	0.044
0.848	0.067	0.027	0.058
0.876	0.064	0.042	0.018
0.001	0.001	0.997	0.001
0.001	0.957	0.001	0.041
0.036	0.001	0.027	0.936
>AGTCATTACT	10-AGTCATTACT	9.403901	-20.127815	0	T:56.0(6.79%),B:802.1(2.72%),P:1e-8	Tpos:750.7,Tstd:434.2,Bpos:782.4,Bstd:454.3,StrandBias:-0.2,Multiplicity:1.04
0.941	0.057	0.001	0.001
0.010	0.001	0.847	0.142
0.086	0.011	0.001	0.902
0.001	0.828	0.033	0.138
0.965	0.033	0.001	0.001
0.001	0.020	0.016	0.963
0.012	0.109	0.026	0.853
0.908	0.017	0.030	0.045
0.001	0.857	0.001	0.141
0.001	0.001	0.044	0.954
>ATCAGGCTAG	11-ATCAGGCTAG	7.071524	-20.115816	0	T:195.0(23.64%),B:4598.4(15.57%),P:1e-8	Tpos:875.4,Tstd:478.0,Bpos:865.4,Bstd:520.3,StrandBias:0.1,Multiplicity:1.13
0.813	0.106	0.025	0.056
0.050	0.012	0.077	0.861
0.082	0.786	0.037	0.095
0.748	0.117	0.023	0.112
0.057	0.100	0.771	0.072
0.040	0.063	0.821	0.076
0.049	0.757	0.107	0.087
0.064	0.065	0.051	0.820
0.800	0.090	0.052	0.058
0.061	0.052	0.831	0.056
>TTCTACTCTA	12-TTCTACTCTA	10.591704	-19.794824	0	T:35.0(4.24%),B:372.7(1.26%),P:1e-8	Tpos:790.3,Tstd:442.6,Bpos:767.2,Bstd:440.1,StrandBias:-0.6,Multiplicity:1.00
0.001	0.001	0.001	0.997
0.001	0.001	0.209	0.789
0.254	0.744	0.001	0.001
0.001	0.001	0.001	0.997
0.997	0.001	0.001	0.001
0.001	0.738	0.001	0.260
0.001	0.001	0.001	0.997
0.001	0.997	0.001	0.001
0.001	0.133	0.320	0.546
0.615	0.001	0.383	0.001
>CATTACTCTC	13-CATTACTCTC	10.341606	-19.763651	0	T:59.0(7.15%),B:879.9(2.98%),P:1e-8	Tpos:873.9,Tstd:436.5,Bpos:814.7,Bstd:489.3,StrandBias:-0.4,Multiplicity:1.02
0.001	0.966	0.001	0.032
0.745	0.253	0.001	0.001
0.001	0.086	0.001	0.912
0.072	0.001	0.001	0.926
0.644	0.118	0.160	0.078
0.001	0.953	0.001	0.045
0.001	0.001	0.001	0.997
0.001	0.997	0.001	0.001
0.001	0.001	0.001	0.997
0.001	0.848	0.150	0.001
>GGAACCGGGT	14-GGAACCGGGT	9.520249	-18.631553	0	T:67.0(8.12%),B:1099.9(3.72%),P:1e-8	Tpos:1094.8,Tstd:431.5,Bpos:1107.9,Bstd:510.4,StrandBias:-0.3,Multiplicity:1.04
0.001	0.001	0.997	0.001
0.001	0.001	0.997	0.001
0.881	0.068	0.050	0.001
0.763	0.001	0.154	0.082
0.082	0.859	0.058	0.001
0.001	0.921	0.045	0.033
0.001	0.148	0.850	0.001
0.101	0.001	0.897	0.001
0.001	0.045	0.903	0.051
0.001	0.001	0.001	0.997
>CCTTATCCCC	15-CCTTATCCCC	9.701989	-18.597536	0	T:76.0(9.21%),B:1322.3(4.48%),P:1e-8	Tpos:926.0,Tstd:492.0,Bpos:1011.1,Bstd:521.4,StrandBias:-0.6,Multiplicity:1.08
0.020	0.976	0.001	0.003
0.328	0.619	0.001	0.052
0.320	0.001	0.001	0.678
0.001	0.001	0.001	0.997
0.668	0.192	0.139	0.001
0.149	0.001	0.004	0.846
0.001	0.900	0.096	0.003
0.008	0.886	0.003	0.103
0.001	0.610	0.380	0.009
0.001	0.912	0.001	0.086
>AGACGAGCCC	16-AGACGAGCCC	10.077216	-18.266789	0	T:47.0(5.70%),B:646.8(2.19%),P:1e-7	Tpos:995.2,Tstd:437.8,Bpos:1033.7,Bstd:511.1,StrandBias:-0.8,Multiplicity:1.04
0.946	0.013	0.040	0.001
0.016	0.001	0.982	0.001
0.949	0.049	0.001	0.001
0.115	0.647	0.197	0.041
0.071	0.001	0.927	0.001
0.861	0.015	0.014	0.110
0.067	0.011	0.881	0.041
0.039	0.950	0.010	0.001
0.018	0.980	0.001	0.001
0.001	0.959	0.018	0.022
>CCCCATCGTA	17-CCCCATCGTA	8.601985	-17.822717	0	T:42.0(5.09%),B:548.1(1.86%),P:1e-7	Tpos:803.1,Tstd:472.9,Bpos:887.5,Bstd:518.6,StrandBias:-0.1,Multiplicity:1.02
0.001	0.997	0.001	0.001
0.032	0.935	0.001	0.032
0.001	0.819	0.127	0.053
0.057	0.863	0.001	0.079
0.997	0.001	0.001	0.001
0.038	0.067	0.036	0.859
0.059	0.838	0.041	0.062
0.001	0.044	0.872	0.083
0.001	0.079	0.001	0.919
0.928	0.044	0.001	0.027
>CTAATTAGAC	18-CTAATTAGAC	9.897896	-17.736790	0	T:33.0(4.00%),B:367.7(1.24%),P:1e-7	Tpos:731.3,Tstd:405.7,Bpos:764.5,Bstd:458.7,StrandBias:-0.2,Multiplicity:1.06
0.001	0.997	0.001	0.001
0.001	0.001	0.001	0.997
0.997	0.001	0.001	0.001
0.856	0.142	0.001	0.001
0.001	0.001	0.269	0.729
0.001	0.268	0.001	0.730
0.594	0.276	0.030	0.100
0.001	0.001	0.934	0.064
0.552	0.001	0.316	0.131
0.008	0.827	0.164	0.001
>GCAGCTYTYG	19-GCAGCTYTYG	8.994602	-16.522363	0	T:95.0(11.52%),B:1897.1(6.42%),P:1e-7	Tpos:1081.8,Tstd:426.3,Bpos:1010.1,Bstd:549.5,StrandBias:-0.5,Multiplicity:1.03
0.001	0.094	0.904	0.001
0.012	0.904	0.025	0.059
0.904	0.071	0.001	0.024
0.064	0.001	0.869	0.066
0.019	0.756	0.027	0.198
0.001	0.042	0.046	0.911
0.008	0.555	0.001	0.436
0.038	0.060	0.001	0.901
0.001	0.537	0.068	0.394
0.001	0.062	0.879	0.058
>AGCGGAGAGG	20-AGCGGAGAGG	9.142871	-16.449681	0	T:106.0(12.85%),B:2202.9(7.46%),P:1e-7	Tpos:998.7,Tstd:522.9,Bpos:1019.4,Bstd:530.8,StrandBias:-0.2,Multiplicity:1.17
0.601	0.001	0.003	0.395
0.068	0.002	0.912	0.018
0.001	0.860	0.116	0.023
0.001	0.249	0.610	0.140
0.089	0.032	0.842	0.037
0.663	0.030	0.001	0.306
0.023	0.001	0.914	0.062
0.860	0.060	0.038	0.042
0.018	0.061	0.860	0.061
0.125	0.056	0.785	0.034
>GGGAAGAAAA	21-GGGAAGAAAA	7.688958	-16.134812	0	T:162.0(19.64%),B:3843.6(13.01%),P:1e-7	Tpos:847.6,Tstd:441.9,Bpos:811.0,Bstd:500.0,StrandBias:-0.2,Multiplicity:1.21
0.063	0.087	0.514	0.336
0.252	0.191	0.508	0.049
0.007	0.231	0.501	0.261
0.485	0.251	0.173	0.091
0.744	0.083	0.172	0.001
0.199	0.237	0.534	0.030
0.618	0.017	0.109	0.256
0.629	0.110	0.260	0.001
0.766	0.065	0.090	0.079
0.778	0.047	0.150	0.025
>TATCCCACGC	22-TATCCCACGC	11.492495	-14.291052	0	T:9.0(1.09%),B:29.5(0.10%),P:1e-6	Tpos:629.1,Tstd:399.5,Bpos:1029.1,Bstd:555.8,StrandBias:-0.3,Multiplicity:1.00
0.001	0.001	0.001	0.997
0.997	0.001	0.001	0.001
0.001	0.001	0.096	0.902
0.001	0.997	0.001	0.001
0.001	0.997	0.001	0.001
0.001	0.997	0.001	0.001
0.997	0.001	0.001	0.001
0.001	0.997	0.001	0.001
0.001	0.001	0.997	0.001
0.001	0.997	0.001	0.001
>GGTGTGCCTA	23-GGTGTGCCTA	11.572538	-11.692595	0	T:10.0(1.21%),B:54.8(0.19%),P:1e-5	Tpos:995.2,Tstd:343.2,Bpos:777.2,Bstd:449.3,StrandBias:1.2,Multiplicity:1.00
0.001	0.001	0.997	0.001
0.001	0.001	0.997	0.001
0.001	0.001	0.001	0.997
0.104	0.001	0.894	0.001
0.001	0.001	0.001	0.997
0.001	0.001	0.997	0.001
0.001	0.997	0.001	0.001
0.001	0.997	0.001	0.001
0.001	0.001	0.001	0.997
0.997	0.001	0.001	0.001
>TTGCAGTGAG	24-TTGCAGTGAG	10.296193	-11.586728	0	T:12.0(1.45%),B:82.6(0.28%),P:1e-5	Tpos:885.2,Tstd:406.3,Bpos:893.0,Bstd:497.5,StrandBias:-1.0,Multiplicity:1.00
0.100	0.100	0.100	0.700
0.100	0.100	0.100	0.700
0.100	0.100	0.700	0.100
0.100	0.700	0.100	0.100
0.700	0.100	0.100	0.100
0.100	0.100	0.700	0.100
0.100	0.100	0.100	0.700
0.100	0.100	0.700	0.100
0.700	0.100	0.100	0.100
0.100	0.100	0.700	0.100
>TCCGTGTCGA	25-TCCGTGTCGA	9.634028	-11.483000	0	T:19.0(2.30%),B:201.8(0.68%),P:1e-4	Tpos:1299.5,Tstd:344.3,Bpos:1265.3,Bstd:441.1,StrandBias:-0.9,Multiplicity:1.63
0.046	0.083	0.001	0.870
0.075	0.810	0.040	0.075
0.001	0.983	0.015	0.001
0.039	0.001	0.959	0.001
0.336	0.001	0.001	0.662
0.064	0.093	0.739	0.104
0.141	0.001	0.042	0.816
0.037	0.925	0.001	0.037
0.049	0.001	0.934	0.016
0.725	0.252	0.022	0.001
