>GATGCACT	1-GATGCACT	6.963374	-20.301333	0	T:1026.0(39.63%),B:9363.5(33.77%),P:1e-8	Tpos:819.3,Tstd:469.6,Bpos:831.3,Bstd:497.4,StrandBias:-0.1,Multiplicity:1.33
0.315	0.001	0.683	0.001
0.846	0.152	0.001	0.001
0.001	0.047	0.118	0.834
0.155	0.013	0.823	0.009
0.196	0.691	0.001	0.112
0.997	0.001	0.001	0.001
0.001	0.815	0.001	0.183
0.124	0.001	0.041	0.834
>ATTAAACG	2-ATTAAACG	6.640157	-16.233608	0	T:653.0(25.22%),B:5750.2(20.74%),P:1e-7	Tpos:741.5,Tstd:431.9,Bpos:765.2,Bstd:461.5,StrandBias:0.1,Multiplicity:1.19
0.942	0.056	0.001	0.001
0.056	0.001	0.058	0.885
0.074	0.034	0.030	0.862
0.713	0.084	0.101	0.102
0.972	0.026	0.001	0.001
0.997	0.001	0.001	0.001
0.001	0.945	0.053	0.001
0.150	0.134	0.715	0.001
>TGTAGCGT	3-TGTAGCGT	7.994959	-15.232236	0	T:443.0(17.11%),B:3724.8(13.43%),P:1e-6	Tpos:934.3,Tstd:450.9,Bpos:904.2,Bstd:514.1,StrandBias:-0.1,Multiplicity:1.11
0.167	0.001	0.001	0.831
0.001	0.001	0.873	0.125
0.001	0.001	0.324	0.674
0.975	0.023	0.001	0.001
0.001	0.001	0.997	0.001
0.001	0.997	0.001	0.001
0.001	0.001	0.669	0.329
0.001	0.001	0.001	0.997
>GCTAGGTT	4-GCTAGGTT	7.826177	-14.337998	0	T:288.0(11.12%),B:2279.1(8.22%),P:1e-6	Tpos:925.3,Tstd:474.2,Bpos:913.8,Bstd:499.1,StrandBias:-0.1,Multiplicity:1.06
0.164	0.001	0.830	0.005
0.001	0.997	0.001	0.001
0.001	0.001	0.252	0.746
0.997	0.001	0.001	0.001
0.001	0.001	0.939	0.059
0.001	0.001	0.997	0.001
0.001	0.001	0.001	0.997
0.001	0.001	0.001	0.997
>GCACTTCT	5-GCACTTCT	9.230471	-12.130838	0	T:196.0(7.57%),B:1493.5(5.39%),P:1e-5	Tpos:907.5,Tstd:495.7,Bpos:907.2,Bstd:483.9,StrandBias:0.3,Multiplicity:1.04
0.001	0.001	0.997	0.001
0.001	0.997	0.001	0.001
0.997	0.001	0.001	0.001
0.001	0.997	0.001	0.001
0.001	0.001	0.159	0.839
0.001	0.001	0.001	0.997
0.001	0.997	0.001	0.001
0.001	0.001	0.001	0.997
>TTCTACTT	6-TTCTACTT	8.025503	-12.041700	0	T:708.0(27.35%),B:6499.3(23.44%),P:1e-5	Tpos:786.3,Tstd:483.2,Bpos:789.7,Bstd:497.4,StrandBias:0.0,Multiplicity:1.22
0.001	0.001	0.001	0.997
0.132	0.001	0.001	0.866
0.001	0.997	0.001	0.001
0.001	0.001	0.084	0.914
0.754	0.001	0.001	0.244
0.001	0.997	0.001	0.001
0.137	0.001	0.001	0.861
0.001	0.001	0.001	0.997
>GGTTCAGG	7-GGTTCAGG	8.236954	-10.425527	0	T:183.0(7.07%),B:1421.2(5.13%),P:1e-4	Tpos:949.3,Tstd:471.3,Bpos:904.2,Bstd:506.5,StrandBias:0.3,Multiplicity:1.07
0.100	0.100	0.700	0.100
0.100	0.100	0.700	0.100
0.100	0.100	0.100	0.700
0.100	0.100	0.100	0.700
0.100	0.700	0.100	0.100
0.700	0.100	0.100	0.100
0.100	0.100	0.700	0.100
0.100	0.100	0.700	0.100
>TTGGGAAT	8-TTGGGAAT	9.074222	-9.576513	0	T:200.0(7.72%),B:1604.7(5.79%),P:1e-4	Tpos:872.9,Tstd:481.1,Bpos:825.1,Bstd:490.9,StrandBias:0.0,Multiplicity:1.06
0.001	0.001	0.001	0.997
0.001	0.001	0.001	0.997
0.001	0.001	0.997	0.001
0.001	0.136	0.862	0.001
0.001	0.001	0.997	0.001
0.997	0.001	0.001	0.001
0.997	0.001	0.001	0.001
0.001	0.001	0.001	0.997
