>ACCCAATCTC	1-ACCCAATCTC	8.408431	-30.506360	0	T:373.0(14.41%),B:2655.5(9.58%),P:1e-13	Tpos:841.2,Tstd:450.6,Bpos:883.2,Bstd:485.8,StrandBias:0.2,Multiplicity:1.07
0.729	0.211	0.001	0.059
0.001	0.781	0.032	0.186
0.001	0.836	0.001	0.162
0.001	0.643	0.150	0.206
0.868	0.100	0.001	0.031
0.808	0.095	0.001	0.096
0.074	0.001	0.235	0.690
0.001	0.631	0.149	0.219
0.006	0.001	0.001	0.992
0.144	0.854	0.001	0.001
>GTCTTGGTTC	2-GTCTTGGTTC	7.625597	-29.404690	0	T:588.0(22.71%),B:4670.7(16.84%),P:1e-12	Tpos:884.0,Tstd:475.0,Bpos:872.8,Bstd:501.6,StrandBias:-0.1,Multiplicity:1.13
0.028	0.221	0.660	0.091
0.001	0.001	0.119	0.879
0.103	0.787	0.001	0.109
0.038	0.056	0.001	0.905
0.142	0.102	0.001	0.755
0.061	0.093	0.845	0.001
0.181	0.001	0.796	0.022
0.078	0.001	0.125	0.796
0.099	0.074	0.060	0.767
0.075	0.841	0.012	0.072
>GCATAGATTT	3-GCATAGATTT	7.452497	-29.309749	0	T:477.0(18.42%),B:3629.9(13.09%),P:1e-12	Tpos:722.1,Tstd:437.6,Bpos:731.4,Bstd:451.3,StrandBias:0.1,Multiplicity:1.15
0.232	0.052	0.573	0.143
0.046	0.892	0.033	0.029
0.691	0.164	0.132	0.013
0.100	0.162	0.179	0.559
0.752	0.136	0.084	0.028
0.214	0.218	0.531	0.037
0.746	0.103	0.029	0.122
0.289	0.011	0.040	0.660
0.020	0.344	0.022	0.614
0.060	0.030	0.157	0.753
>TCTCCTACAT	4-TCTCCTACAT	7.758564	-26.188638	0	T:188.0(7.26%),B:1147.6(4.14%),P:1e-11	Tpos:803.0,Tstd:490.7,Bpos:790.3,Bstd:480.2,StrandBias:-0.1,Multiplicity:1.05
0.076	0.045	0.052	0.827
0.047	0.662	0.028	0.263
0.046	0.223	0.232	0.500
0.056	0.633	0.262	0.049
0.038	0.683	0.114	0.165
0.299	0.042	0.025	0.634
0.631	0.020	0.120	0.229
0.233	0.533	0.026	0.208
0.717	0.239	0.016	0.028
0.028	0.205	0.203	0.564
>CTAAACCCAC	5-CTAAACCCAC	8.847077	-24.816474	0	T:221.0(8.54%),B:1443.7(5.21%),P:1e-10	Tpos:828.6,Tstd:471.8,Bpos:862.8,Bstd:462.5,StrandBias:-0.3,Multiplicity:1.03
0.058	0.940	0.001	0.001
0.073	0.054	0.001	0.872
0.962	0.001	0.001	0.036
0.981	0.001	0.001	0.017
0.807	0.044	0.105	0.044
0.025	0.914	0.060	0.001
0.001	0.992	0.006	0.001
0.023	0.934	0.028	0.015
0.933	0.001	0.065	0.001
0.193	0.718	0.088	0.001
>GGAATTAAAC	6-GGAATTAAAC	8.873780	-24.522056	0	T:170.0(6.57%),B:1026.8(3.70%),P:1e-10	Tpos:761.0,Tstd:439.7,Bpos:786.9,Bstd:461.0,StrandBias:0.3,Multiplicity:1.02
0.044	0.139	0.816	0.001
0.097	0.001	0.781	0.121
0.784	0.103	0.073	0.040
0.919	0.079	0.001	0.001
0.159	0.163	0.001	0.677
0.015	0.195	0.104	0.686
0.905	0.001	0.072	0.022
0.930	0.001	0.068	0.001
0.657	0.164	0.178	0.001
0.001	0.844	0.001	0.154
>CYTGTTCTAT	7-CYTGTTCTAT	9.215200	-23.930087	0	T:233.0(9.00%),B:1561.4(5.63%),P:1e-10	Tpos:723.5,Tstd:463.3,Bpos:746.2,Bstd:457.3,StrandBias:0.1,Multiplicity:1.03
0.177	0.717	0.001	0.105
0.221	0.354	0.001	0.424
0.001	0.011	0.041	0.947
0.099	0.092	0.572	0.237
0.001	0.001	0.063	0.935
0.001	0.047	0.155	0.797
0.001	0.872	0.067	0.060
0.162	0.004	0.001	0.833
0.849	0.001	0.026	0.124
0.055	0.001	0.001	0.943
>CAGACCATCT	8-CAGACCATCT	6.917823	-22.970251	0	T:739.0(28.54%),B:6345.7(22.89%),P:1e-9	Tpos:842.2,Tstd:473.8,Bpos:835.8,Bstd:501.0,StrandBias:0.0,Multiplicity:1.20
0.063	0.810	0.048	0.079
0.800	0.054	0.087	0.059
0.086	0.064	0.748	0.102
0.818	0.040	0.070	0.072
0.062	0.744	0.072	0.122
0.057	0.823	0.063	0.057
0.815	0.071	0.064	0.050
0.049	0.077	0.073	0.801
0.031	0.865	0.057	0.047
0.076	0.076	0.066	0.782
>CAAAATTGCC	9-CAAAATTGCC	7.899009	-22.195229	0	T:496.0(19.16%),B:4003.1(14.44%),P:1e-9	Tpos:806.5,Tstd:469.9,Bpos:785.9,Bstd:479.4,StrandBias:-0.2,Multiplicity:1.12
0.163	0.773	0.063	0.001
0.963	0.035	0.001	0.001
0.794	0.026	0.166	0.014
0.791	0.001	0.102	0.106
0.794	0.098	0.001	0.107
0.001	0.105	0.297	0.597
0.080	0.039	0.025	0.856
0.001	0.223	0.678	0.098
0.135	0.586	0.132	0.147
0.001	0.850	0.001	0.148
>TGATTCACAC	10-TGATTCACAC	9.293547	-20.460546	0	T:136.0(5.25%),B:812.6(2.93%),P:1e-8	Tpos:764.1,Tstd:472.5,Bpos:818.1,Bstd:468.5,StrandBias:0.2,Multiplicity:1.04
0.001	0.022	0.084	0.893
0.001	0.070	0.892	0.037
0.862	0.024	0.001	0.113
0.021	0.001	0.001	0.977
0.044	0.052	0.001	0.903
0.056	0.916	0.027	0.001
0.815	0.035	0.027	0.123
0.001	0.844	0.154	0.001
0.924	0.001	0.046	0.029
0.001	0.997	0.001	0.001
>TTGCTGAAGT	11-TTGCTGAAGT	10.427988	-19.782881	0	T:108.0(4.17%),B:601.3(2.17%),P:1e-8	Tpos:773.4,Tstd:479.8,Bpos:790.7,Bstd:454.2,StrandBias:0.1,Multiplicity:1.01
0.235	0.001	0.001	0.763
0.224	0.001	0.001	0.774
0.001	0.001	0.997	0.001
0.001	0.720	0.001	0.278
0.001	0.001	0.001	0.997
0.001	0.001	0.822	0.176
0.997	0.001	0.001	0.001
0.681	0.317	0.001	0.001
0.326	0.033	0.640	0.001
0.001	0.001	0.001	0.997
>CTTTATCACC	12-CTTTATCACC	8.037379	-19.124487	0	T:250.0(9.66%),B:1808.3(6.52%),P:1e-8	Tpos:784.5,Tstd:463.8,Bpos:811.7,Bstd:485.3,StrandBias:0.2,Multiplicity:1.05
0.097	0.739	0.081	0.083
0.072	0.083	0.148	0.697
0.102	0.088	0.030	0.780
0.001	0.099	0.001	0.899
0.828	0.108	0.001	0.063
0.133	0.087	0.055	0.725
0.111	0.824	0.001	0.064
0.906	0.062	0.031	0.001
0.100	0.715	0.001	0.184
0.139	0.665	0.108	0.088
>AGCTGTACCG	13-AGCTGTACCG	7.331702	-19.027653	0	T:334.0(12.90%),B:2573.3(9.28%),P:1e-8	Tpos:1007.1,Tstd:473.4,Bpos:979.3,Bstd:531.2,StrandBias:0.1,Multiplicity:1.10
0.823	0.046	0.070	0.061
0.038	0.053	0.873	0.036
0.067	0.845	0.040	0.048
0.057	0.092	0.055	0.796
0.119	0.054	0.778	0.049
0.061	0.067	0.087	0.785
0.700	0.085	0.112	0.103
0.073	0.821	0.047	0.059
0.121	0.767	0.046	0.066
0.069	0.071	0.816	0.044
>GGTGTATTAA	14-GGTGTATTAA	11.026252	-18.753355	0	T:37.0(1.43%),B:119.0(0.43%),P:1e-8	Tpos:672.7,Tstd:494.1,Bpos:761.0,Bstd:495.1,StrandBias:0.3,Multiplicity:1.16
0.001	0.001	0.997	0.001
0.001	0.001	0.656	0.342
0.001	0.001	0.001	0.997
0.001	0.001	0.997	0.001
0.001	0.001	0.001	0.997
0.997	0.001	0.001	0.001
0.001	0.001	0.001	0.997
0.001	0.001	0.103	0.895
0.997	0.001	0.001	0.001
0.886	0.112	0.001	0.001
>TWGGKAHTTG	15-TWGGKAHTTG	7.367149	-18.681016	0	T:98.0(3.79%),B:538.2(1.94%),P:1e-8	Tpos:783.7,Tstd:400.2,Bpos:758.2,Bstd:439.9,StrandBias:-0.4,Multiplicity:1.03
0.304	0.019	0.175	0.502
0.531	0.032	0.024	0.413
0.247	0.050	0.671	0.032
0.017	0.390	0.540	0.053
0.092	0.040	0.367	0.501
0.681	0.151	0.071	0.097
0.389	0.291	0.064	0.256
0.047	0.029	0.291	0.633
0.347	0.052	0.036	0.565
0.045	0.037	0.578	0.340
>KGTCKMKCBR	16-KGTCKMKCBR	6.690901	-18.183558	0	T:163.0(6.30%),B:1071.3(3.86%),P:1e-7	Tpos:982.9,Tstd:483.0,Bpos:967.2,Bstd:524.6,StrandBias:-0.1,Multiplicity:1.04
0.221	0.019	0.391	0.370
0.159	0.040	0.566	0.235
0.202	0.071	0.058	0.669
0.103	0.595	0.147	0.155
0.019	0.143	0.417	0.422
0.301	0.427	0.252	0.021
0.024	0.021	0.514	0.441
0.186	0.740	0.037	0.037
0.040	0.289	0.272	0.399
0.405	0.134	0.440	0.020
>GAGATCACGT	17-GAGATCACGT	7.647636	-17.889919	0	T:66.0(2.55%),B:311.8(1.12%),P:1e-7	Tpos:886.5,Tstd:511.7,Bpos:917.5,Bstd:545.9,StrandBias:0.3,Multiplicity:1.00
0.389	0.038	0.554	0.019
0.580	0.366	0.020	0.034
0.041	0.020	0.898	0.041
0.638	0.039	0.012	0.311
0.273	0.043	0.102	0.582
0.176	0.499	0.175	0.150
0.484	0.197	0.297	0.022
0.046	0.722	0.217	0.015
0.063	0.015	0.564	0.358
0.231	0.240	0.064	0.466
>CYATGTGAGA	18-CYATGTGAGA	10.389951	-17.489416	0	T:68.0(2.63%),B:329.8(1.19%),P:1e-7	Tpos:784.4,Tstd:411.5,Bpos:712.1,Bstd:433.9,StrandBias:-0.1,Multiplicity:1.01
0.368	0.630	0.001	0.001
0.001	0.452	0.001	0.546
0.997	0.001	0.001	0.001
0.001	0.209	0.001	0.789
0.001	0.001	0.997	0.001
0.181	0.082	0.001	0.736
0.196	0.001	0.802	0.001
0.749	0.054	0.001	0.196
0.001	0.001	0.997	0.001
0.997	0.001	0.001	0.001
>AAGCSAGCAM	19-AAGCSAGCAM	8.902913	-17.274578	0	T:148.0(5.72%),B:961.2(3.47%),P:1e-7	Tpos:926.5,Tstd:473.8,Bpos:997.1,Bstd:485.7,StrandBias:0.2,Multiplicity:1.03
0.513	0.001	0.190	0.296
0.694	0.304	0.001	0.001
0.088	0.001	0.868	0.043
0.001	0.631	0.177	0.191
0.001	0.454	0.544	0.001
0.608	0.001	0.001	0.390
0.205	0.001	0.793	0.001
0.001	0.684	0.138	0.177
0.997	0.001	0.001	0.001
0.448	0.550	0.001	0.001
>CACCTACTGC	20-CACCTACTGC	11.232429	-17.075648	0	T:34.0(1.31%),B:110.7(0.40%),P:1e-7	Tpos:843.2,Tstd:441.5,Bpos:1043.7,Bstd:438.2,StrandBias:-0.2,Multiplicity:1.00
0.001	0.997	0.001	0.001
0.997	0.001	0.001	0.001
0.001	0.997	0.001	0.001
0.001	0.900	0.098	0.001
0.001	0.001	0.001	0.997
0.997	0.001	0.001	0.001
0.001	0.753	0.245	0.001
0.001	0.001	0.001	0.997
0.001	0.001	0.997	0.001
0.001	0.997	0.001	0.001
>TCGGTGCGCT	21-TCGGTGCGCT	7.365708	-15.790038	0	T:244.0(9.42%),B:1834.5(6.62%),P:1e-6	Tpos:1142.6,Tstd:452.8,Bpos:1155.6,Bstd:512.2,StrandBias:0.1,Multiplicity:1.08
0.054	0.066	0.043	0.837
0.048	0.793	0.071	0.088
0.047	0.050	0.813	0.090
0.106	0.057	0.740	0.097
0.035	0.023	0.067	0.875
0.056	0.053	0.831	0.060
0.096	0.751	0.072	0.081
0.090	0.093	0.765	0.052
0.092	0.769	0.062	0.077
0.092	0.034	0.039	0.835
>GGAGGCTTAA	22-GGAGGCTTAA	11.958585	-15.077722	0	T:23.0(0.89%),B:60.6(0.22%),P:1e-6	Tpos:769.0,Tstd:465.9,Bpos:969.0,Bstd:407.3,StrandBias:0.6,Multiplicity:1.00
0.001	0.001	0.997	0.001
0.001	0.001	0.997	0.001
0.997	0.001	0.001	0.001
0.001	0.001	0.997	0.001
0.001	0.001	0.997	0.001
0.001	0.997	0.001	0.001
0.001	0.001	0.153	0.845
0.001	0.001	0.001	0.997
0.997	0.001	0.001	0.001
0.997	0.001	0.001	0.001
>GGCTCGCACC	23-GGCTCGCACC	10.296193	-14.110966	0	T:22.0(0.85%),B:59.9(0.22%),P:1e-6	Tpos:1112.2,Tstd:505.5,Bpos:1203.6,Bstd:454.9,StrandBias:0.5,Multiplicity:1.00
0.100	0.100	0.700	0.100
0.100	0.100	0.700	0.100
0.100	0.700	0.100	0.100
0.100	0.100	0.100	0.700
0.100	0.700	0.100	0.100
0.100	0.100	0.700	0.100
0.100	0.700	0.100	0.100
0.700	0.100	0.100	0.100
0.100	0.700	0.100	0.100
0.100	0.700	0.100	0.100
>CCTGATTGGC	24-CCTGATTGGC	8.913240	-12.222993	0	T:278.0(10.74%),B:2251.9(8.12%),P:1e-5	Tpos:1070.3,Tstd:460.8,Bpos:1085.1,Bstd:478.7,StrandBias:-0.1,Multiplicity:1.08
0.063	0.789	0.045	0.103
0.087	0.777	0.067	0.069
0.071	0.060	0.056	0.813
0.042	0.067	0.832	0.059
0.847	0.034	0.063	0.056
0.053	0.076	0.099	0.772
0.070	0.041	0.101	0.788
0.076	0.048	0.825	0.051
0.068	0.088	0.759	0.085
0.078	0.801	0.077	0.044
>GGAACCCGCT	25-GGAACCCGCT	12.021897	-7.605683	0	T:19.0(0.73%),B:78.9(0.28%),P:1e-3	Tpos:1107.4,Tstd:326.3,Bpos:1141.4,Bstd:468.6,StrandBias:0.8,Multiplicity:1.47
0.001	0.001	0.997	0.001
0.001	0.001	0.997	0.001
0.997	0.001	0.001	0.001
0.997	0.001	0.001	0.001
0.001	0.997	0.001	0.001
0.001	0.997	0.001	0.001
0.001	0.997	0.001	0.001
0.001	0.001	0.997	0.001
0.001	0.835	0.001	0.163
0.001	0.001	0.001	0.997
