>ACCCAATCTC	1-ACCCAATCTC	8.408431	-30.506360	0	T:373.0(14.41%),B:2655.5(9.58%),P:1e-13	Tpos:841.2,Tstd:450.6,Bpos:883.2,Bstd:485.8,StrandBias:0.2,Multiplicity:1.07
0.729	0.211	0.001	0.059
0.001	0.781	0.032	0.186
0.001	0.836	0.001	0.162
0.001	0.643	0.150	0.206
0.868	0.100	0.001	0.031
0.808	0.095	0.001	0.096
0.074	0.001	0.235	0.690
0.001	0.631	0.149	0.219
0.006	0.001	0.001	0.992
0.144	0.854	0.001	0.001
>GTCTTGGTTC	2-GTCTTGGTTC	7.625597	-29.404690	0	T:588.0(22.71%),B:4670.7(16.84%),P:1e-12	Tpos:884.0,Tstd:475.0,Bpos:872.8,Bstd:501.6,StrandBias:-0.1,Multiplicity:1.13
0.028	0.221	0.660	0.091
0.001	0.001	0.119	0.879
0.103	0.787	0.001	0.109
0.038	0.056	0.001	0.905
0.142	0.102	0.001	0.755
0.061	0.093	0.845	0.001
0.181	0.001	0.796	0.022
0.078	0.001	0.125	0.796
0.099	0.074	0.060	0.767
0.075	0.841	0.012	0.072
>GCATAGATTT	3-GCATAGATTT	7.452497	-29.309749	0	T:477.0(18.42%),B:3629.9(13.09%),P:1e-12	Tpos:722.1,Tstd:437.6,Bpos:731.4,Bstd:451.3,StrandBias:0.1,Multiplicity:1.15
0.232	0.052	0.573	0.143
0.046	0.892	0.033	0.029
0.691	0.164	0.132	0.013
0.100	0.162	0.179	0.559
0.752	0.136	0.084	0.028
0.214	0.218	0.531	0.037
0.746	0.103	0.029	0.122
0.289	0.011	0.040	0.660
0.020	0.344	0.022	0.614
0.060	0.030	0.157	0.753
>TCTCCTACAT	4-TCTCCTACAT	7.758564	-26.188638	0	T:188.0(7.26%),B:1147.6(4.14%),P:1e-11	Tpos:803.0,Tstd:490.7,Bpos:790.3,Bstd:480.2,StrandBias:-0.1,Multiplicity:1.05
0.076	0.045	0.052	0.827
0.047	0.662	0.028	0.263
0.046	0.223	0.232	0.500
0.056	0.633	0.262	0.049
0.038	0.683	0.114	0.165
0.299	0.042	0.025	0.634
0.631	0.020	0.120	0.229
0.233	0.533	0.026	0.208
0.717	0.239	0.016	0.028
0.028	0.205	0.203	0.564
>CTAAACCCAC	5-CTAAACCCAC	8.847077	-24.816474	0	T:221.0(8.54%),B:1443.7(5.21%),P:1e-10	Tpos:828.6,Tstd:471.8,Bpos:862.8,Bstd:462.5,StrandBias:-0.3,Multiplicity:1.03
0.058	0.940	0.001	0.001
0.073	0.054	0.001	0.872
0.962	0.001	0.001	0.036
0.981	0.001	0.001	0.017
0.807	0.044	0.105	0.044
0.025	0.914	0.060	0.001
0.001	0.992	0.006	0.001
0.023	0.934	0.028	0.015
0.933	0.001	0.065	0.001
0.193	0.718	0.088	0.001
>GGAATTAAAC	6-GGAATTAAAC	8.873780	-24.522056	0	T:170.0(6.57%),B:1026.8(3.70%),P:1e-10	Tpos:761.0,Tstd:439.7,Bpos:786.9,Bstd:461.0,StrandBias:0.3,Multiplicity:1.02
0.044	0.139	0.816	0.001
0.097	0.001	0.781	0.121
0.784	0.103	0.073	0.040
0.919	0.079	0.001	0.001
0.159	0.163	0.001	0.677
0.015	0.195	0.104	0.686
0.905	0.001	0.072	0.022
0.930	0.001	0.068	0.001
0.657	0.164	0.178	0.001
0.001	0.844	0.001	0.154
>CYTGTTCTAT	7-CYTGTTCTAT	9.215200	-23.930087	0	T:233.0(9.00%),B:1561.4(5.63%),P:1e-10	Tpos:723.5,Tstd:463.3,Bpos:746.2,Bstd:457.3,StrandBias:0.1,Multiplicity:1.03
0.177	0.717	0.001	0.105
0.221	0.354	0.001	0.424
0.001	0.011	0.041	0.947
0.099	0.092	0.572	0.237
0.001	0.001	0.063	0.935
0.001	0.047	0.155	0.797
0.001	0.872	0.067	0.060
0.162	0.004	0.001	0.833
0.849	0.001	0.026	0.124
0.055	0.001	0.001	0.943
>CAGACCATCT	8-CAGACCATCT	6.917823	-22.970251	0	T:739.0(28.54%),B:6345.7(22.89%),P:1e-9	Tpos:842.2,Tstd:473.8,Bpos:835.8,Bstd:501.0,StrandBias:0.0,Multiplicity:1.20
0.063	0.810	0.048	0.079
0.800	0.054	0.087	0.059
0.086	0.064	0.748	0.102
0.818	0.040	0.070	0.072
0.062	0.744	0.072	0.122
0.057	0.823	0.063	0.057
0.815	0.071	0.064	0.050
0.049	0.077	0.073	0.801
0.031	0.865	0.057	0.047
0.076	0.076	0.066	0.782
>CAAAATTGCC	9-CAAAATTGCC	7.899009	-22.195229	0	T:496.0(19.16%),B:4003.1(14.44%),P:1e-9	Tpos:806.5,Tstd:469.9,Bpos:785.9,Bstd:479.4,StrandBias:-0.2,Multiplicity:1.12
0.163	0.773	0.063	0.001
0.963	0.035	0.001	0.001
0.794	0.026	0.166	0.014
0.791	0.001	0.102	0.106
0.794	0.098	0.001	0.107
0.001	0.105	0.297	0.597
0.080	0.039	0.025	0.856
0.001	0.223	0.678	0.098
0.135	0.586	0.132	0.147
0.001	0.850	0.001	0.148
>TGATTCACAC	10-TGATTCACAC	9.293547	-20.460546	0	T:136.0(5.25%),B:812.6(2.93%),P:1e-8	Tpos:764.1,Tstd:472.5,Bpos:818.1,Bstd:468.5,StrandBias:0.2,Multiplicity:1.04
0.001	0.022	0.084	0.893
0.001	0.070	0.892	0.037
0.862	0.024	0.001	0.113
0.021	0.001	0.001	0.977
0.044	0.052	0.001	0.903
0.056	0.916	0.027	0.001
0.815	0.035	0.027	0.123
0.001	0.844	0.154	0.001
0.924	0.001	0.046	0.029
0.001	0.997	0.001	0.001
>TTGCTGAAGT	11-TTGCTGAAGT	10.427988	-19.782881	0	T:108.0(4.17%),B:601.3(2.17%),P:1e-8	Tpos:773.4,Tstd:479.8,Bpos:790.7,Bstd:454.2,StrandBias:0.1,Multiplicity:1.01
0.235	0.001	0.001	0.763
0.224	0.001	0.001	0.774
0.001	0.001	0.997	0.001
0.001	0.720	0.001	0.278
0.001	0.001	0.001	0.997
0.001	0.001	0.822	0.176
0.997	0.001	0.001	0.001
0.681	0.317	0.001	0.001
0.326	0.033	0.640	0.001
0.001	0.001	0.001	0.997
>CTTTATCACC	12-CTTTATCACC	8.037379	-19.124487	0	T:250.0(9.66%),B:1808.3(6.52%),P:1e-8	Tpos:784.5,Tstd:463.8,Bpos:811.7,Bstd:485.3,StrandBias:0.2,Multiplicity:1.05
0.097	0.739	0.081	0.083
0.072	0.083	0.148	0.697
0.102	0.088	0.030	0.780
0.001	0.099	0.001	0.899
0.828	0.108	0.001	0.063
0.133	0.087	0.055	0.725
0.111	0.824	0.001	0.064
0.906	0.062	0.031	0.001
0.100	0.715	0.001	0.184
0.139	0.665	0.108	0.088
>AGCTGTACCG	13-AGCTGTACCG	7.331702	-19.027653	0	T:334.0(12.90%),B:2573.3(9.28%),P:1e-8	Tpos:1007.1,Tstd:473.4,Bpos:979.3,Bstd:531.2,StrandBias:0.1,Multiplicity:1.10
0.823	0.046	0.070	0.061
0.038	0.053	0.873	0.036
0.067	0.845	0.040	0.048
0.057	0.092	0.055	0.796
0.119	0.054	0.778	0.049
0.061	0.067	0.087	0.785
0.700	0.085	0.112	0.103
0.073	0.821	0.047	0.059
0.121	0.767	0.046	0.066
0.069	0.071	0.816	0.044
>GGTGTATTAA	14-GGTGTATTAA	11.026252	-18.753355	0	T:37.0(1.43%),B:119.0(0.43%),P:1e-8	Tpos:672.7,Tstd:494.1,Bpos:761.0,Bstd:495.1,StrandBias:0.3,Multiplicity:1.16
0.001	0.001	0.997	0.001
0.001	0.001	0.656	0.342
0.001	0.001	0.001	0.997
0.001	0.001	0.997	0.001
0.001	0.001	0.001	0.997
0.997	0.001	0.001	0.001
0.001	0.001	0.001	0.997
0.001	0.001	0.103	0.895
0.997	0.001	0.001	0.001
0.886	0.112	0.001	0.001
>TWGGKAHTTG	15-TWGGKAHTTG	7.367149	-18.681016	0	T:98.0(3.79%),B:538.2(1.94%),P:1e-8	Tpos:783.7,Tstd:400.2,Bpos:758.2,Bstd:439.9,StrandBias:-0.4,Multiplicity:1.03
0.304	0.019	0.175	0.502
0.531	0.032	0.024	0.413
0.247	0.050	0.671	0.032
0.017	0.390	0.540	0.053
0.092	0.040	0.367	0.501
0.681	0.151	0.071	0.097
0.389	0.291	0.064	0.256
0.047	0.029	0.291	0.633
0.347	0.052	0.036	0.565
0.045	0.037	0.578	0.340
>KGTCKMKCBR	16-KGTCKMKCBR	6.690901	-18.183558	0	T:163.0(6.30%),B:1071.3(3.86%),P:1e-7	Tpos:982.9,Tstd:483.0,Bpos:967.2,Bstd:524.6,StrandBias:-0.1,Multiplicity:1.04
0.221	0.019	0.391	0.370
0.159	0.040	0.566	0.235
0.202	0.071	0.058	0.669
0.103	0.595	0.147	0.155
0.019	0.143	0.417	0.422
0.301	0.427	0.252	0.021
0.024	0.021	0.514	0.441
0.186	0.740	0.037	0.037
0.040	0.289	0.272	0.399
0.405	0.134	0.440	0.020
>GAGATCACGT	17-GAGATCACGT	7.647636	-17.889919	0	T:66.0(2.55%),B:311.8(1.12%),P:1e-7	Tpos:886.5,Tstd:511.7,Bpos:917.5,Bstd:545.9,StrandBias:0.3,Multiplicity:1.00
0.389	0.038	0.554	0.019
0.580	0.366	0.020	0.034
0.041	0.020	0.898	0.041
0.638	0.039	0.012	0.311
0.273	0.043	0.102	0.582
0.176	0.499	0.175	0.150
0.484	0.197	0.297	0.022
0.046	0.722	0.217	0.015
0.063	0.015	0.564	0.358
0.231	0.240	0.064	0.466
>CYATGTGAGA	18-CYATGTGAGA	10.389951	-17.489416	0	T:68.0(2.63%),B:329.8(1.19%),P:1e-7	Tpos:784.4,Tstd:411.5,Bpos:712.1,Bstd:433.9,StrandBias:-0.1,Multiplicity:1.01
0.368	0.630	0.001	0.001
0.001	0.452	0.001	0.546
0.997	0.001	0.001	0.001
0.001	0.209	0.001	0.789
0.001	0.001	0.997	0.001
0.181	0.082	0.001	0.736
0.196	0.001	0.802	0.001
0.749	0.054	0.001	0.196
0.001	0.001	0.997	0.001
0.997	0.001	0.001	0.001
>AAGCSAGCAM	19-AAGCSAGCAM	8.902913	-17.274578	0	T:148.0(5.72%),B:961.2(3.47%),P:1e-7	Tpos:926.5,Tstd:473.8,Bpos:997.1,Bstd:485.7,StrandBias:0.2,Multiplicity:1.03
0.513	0.001	0.190	0.296
0.694	0.304	0.001	0.001
0.088	0.001	0.868	0.043
0.001	0.631	0.177	0.191
0.001	0.454	0.544	0.001
0.608	0.001	0.001	0.390
0.205	0.001	0.793	0.001
0.001	0.684	0.138	0.177
0.997	0.001	0.001	0.001
0.448	0.550	0.001	0.001
>CACCTACTGC	20-CACCTACTGC	11.232429	-17.075648	0	T:34.0(1.31%),B:110.7(0.40%),P:1e-7	Tpos:843.2,Tstd:441.5,Bpos:1043.7,Bstd:438.2,StrandBias:-0.2,Multiplicity:1.00
0.001	0.997	0.001	0.001
0.997	0.001	0.001	0.001
0.001	0.997	0.001	0.001
0.001	0.900	0.098	0.001
0.001	0.001	0.001	0.997
0.997	0.001	0.001	0.001
0.001	0.753	0.245	0.001
0.001	0.001	0.001	0.997
0.001	0.001	0.997	0.001
0.001	0.997	0.001	0.001
>TCGGTGCGCT	21-TCGGTGCGCT	7.365708	-15.790038	0	T:244.0(9.42%),B:1834.5(6.62%),P:1e-6	Tpos:1142.6,Tstd:452.8,Bpos:1155.6,Bstd:512.2,StrandBias:0.1,Multiplicity:1.08
0.054	0.066	0.043	0.837
0.048	0.793	0.071	0.088
0.047	0.050	0.813	0.090
0.106	0.057	0.740	0.097
0.035	0.023	0.067	0.875
0.056	0.053	0.831	0.060
0.096	0.751	0.072	0.081
0.090	0.093	0.765	0.052
0.092	0.769	0.062	0.077
0.092	0.034	0.039	0.835
>GGAGGCTTAA	22-GGAGGCTTAA	11.958585	-15.077722	0	T:23.0(0.89%),B:60.6(0.22%),P:1e-6	Tpos:769.0,Tstd:465.9,Bpos:969.0,Bstd:407.3,StrandBias:0.6,Multiplicity:1.00
0.001	0.001	0.997	0.001
0.001	0.001	0.997	0.001
0.997	0.001	0.001	0.001
0.001	0.001	0.997	0.001
0.001	0.001	0.997	0.001
0.001	0.997	0.001	0.001
0.001	0.001	0.153	0.845
0.001	0.001	0.001	0.997
0.997	0.001	0.001	0.001
0.997	0.001	0.001	0.001
>GGCTCGCACC	23-GGCTCGCACC	10.296193	-14.110966	0	T:22.0(0.85%),B:59.9(0.22%),P:1e-6	Tpos:1112.2,Tstd:505.5,Bpos:1203.6,Bstd:454.9,StrandBias:0.5,Multiplicity:1.00
0.100	0.100	0.700	0.100
0.100	0.100	0.700	0.100
0.100	0.700	0.100	0.100
0.100	0.100	0.100	0.700
0.100	0.700	0.100	0.100
0.100	0.100	0.700	0.100
0.100	0.700	0.100	0.100
0.700	0.100	0.100	0.100
0.100	0.700	0.100	0.100
0.100	0.700	0.100	0.100
>CCTGATTGGC	24-CCTGATTGGC	8.913240	-12.222993	0	T:278.0(10.74%),B:2251.9(8.12%),P:1e-5	Tpos:1070.3,Tstd:460.8,Bpos:1085.1,Bstd:478.7,StrandBias:-0.1,Multiplicity:1.08
0.063	0.789	0.045	0.103
0.087	0.777	0.067	0.069
0.071	0.060	0.056	0.813
0.042	0.067	0.832	0.059
0.847	0.034	0.063	0.056
0.053	0.076	0.099	0.772
0.070	0.041	0.101	0.788
0.076	0.048	0.825	0.051
0.068	0.088	0.759	0.085
0.078	0.801	0.077	0.044
>GGAACCCGCT	25-GGAACCCGCT	12.021897	-7.605683	0	T:19.0(0.73%),B:78.9(0.28%),P:1e-3	Tpos:1107.4,Tstd:326.3,Bpos:1141.4,Bstd:468.6,StrandBias:0.8,Multiplicity:1.47
0.001	0.001	0.997	0.001
0.001	0.001	0.997	0.001
0.997	0.001	0.001	0.001
0.997	0.001	0.001	0.001
0.001	0.997	0.001	0.001
0.001	0.997	0.001	0.001
0.001	0.997	0.001	0.001
0.001	0.001	0.997	0.001
0.001	0.835	0.001	0.163
0.001	0.001	0.001	0.997
>ATGTGTCCAATC	1-ATGTGTCCAATC	12.740580	-36.470448	0	T:24.0(0.93%),B:15.4(0.06%),P:1e-15	Tpos:796.9,Tstd:446.3,Bpos:981.4,Bstd:428.4,StrandBias:-0.5,Multiplicity:1.00
0.924	0.001	0.001	0.074
0.001	0.001	0.054	0.944
0.001	0.001	0.887	0.111
0.075	0.055	0.075	0.795
0.001	0.001	0.997	0.001
0.001	0.001	0.001	0.997
0.001	0.924	0.001	0.074
0.001	0.997	0.001	0.001
0.806	0.075	0.001	0.118
0.955	0.001	0.043	0.001
0.001	0.075	0.055	0.869
0.001	0.944	0.054	0.001
>TAGGATGCATTC	2-TAGGATGCATTC	10.251119	-32.709327	0	T:33.0(1.27%),B:49.9(0.18%),P:1e-14	Tpos:877.3,Tstd:422.9,Bpos:805.1,Bstd:440.1,StrandBias:0.3,Multiplicity:1.00
0.018	0.178	0.027	0.777
0.783	0.012	0.185	0.020
0.126	0.015	0.690	0.169
0.252	0.024	0.590	0.134
0.780	0.027	0.016	0.177
0.231	0.017	0.031	0.721
0.174	0.015	0.571	0.240
0.014	0.528	0.291	0.167
0.941	0.012	0.029	0.018
0.211	0.019	0.211	0.559
0.176	0.259	0.127	0.438
0.020	0.741	0.022	0.217
>TTTGGGAATTGG	3-TTTGGGAATTGG	12.529781	-30.527984	0	T:28.0(1.08%),B:36.6(0.13%),P:1e-13	Tpos:890.8,Tstd:361.5,Bpos:913.5,Bstd:484.7,StrandBias:0.3,Multiplicity:1.04
0.052	0.001	0.129	0.818
0.038	0.001	0.038	0.923
0.038	0.001	0.001	0.960
0.038	0.001	0.960	0.001
0.009	0.001	0.989	0.001
0.001	0.001	0.968	0.030
0.957	0.001	0.021	0.021
0.826	0.001	0.021	0.152
0.001	0.001	0.021	0.977
0.001	0.001	0.027	0.971
0.022	0.026	0.897	0.055
0.059	0.001	0.929	0.011
>CTAGCTTCTCAT	4-CTAGCTTCTCAT	12.442037	-30.198903	0	T:26.0(1.00%),B:30.8(0.11%),P:1e-13	Tpos:705.1,Tstd:432.5,Bpos:980.9,Bstd:405.6,StrandBias:-0.4,Multiplicity:1.00
0.129	0.869	0.001	0.001
0.046	0.037	0.001	0.916
0.775	0.058	0.166	0.001
0.001	0.147	0.762	0.090
0.038	0.929	0.001	0.032
0.001	0.001	0.001	0.997
0.001	0.196	0.001	0.802
0.001	0.997	0.001	0.001
0.046	0.043	0.058	0.853
0.001	0.997	0.001	0.001
0.752	0.021	0.001	0.226
0.001	0.001	0.001	0.997
>TCCAAAAGTCTC	5-TCCAAAAGTCTC	11.938217	-28.845843	0	T:39.0(1.51%),B:85.3(0.31%),P:1e-12	Tpos:935.8,Tstd:478.6,Bpos:702.6,Bstd:468.4,StrandBias:0.2,Multiplicity:1.00
0.001	0.010	0.046	0.943
0.031	0.868	0.001	0.100
0.046	0.922	0.001	0.031
0.931	0.022	0.046	0.001
0.836	0.047	0.086	0.031
0.973	0.001	0.025	0.001
0.912	0.001	0.001	0.086
0.001	0.046	0.952	0.001
0.001	0.093	0.031	0.875
0.001	0.936	0.001	0.062
0.001	0.022	0.001	0.976
0.001	0.973	0.001	0.025
>TCACTCTAGAGG	6-TCACTCTAGAGG	10.617151	-28.053525	0	T:31.0(1.20%),B:53.9(0.19%),P:1e-12	Tpos:831.2,Tstd:476.6,Bpos:969.0,Bstd:525.5,StrandBias:-0.1,Multiplicity:1.00
0.114	0.234	0.022	0.630
0.201	0.651	0.060	0.088
0.907	0.026	0.035	0.032
0.024	0.730	0.043	0.203
0.017	0.123	0.154	0.706
0.175	0.584	0.108	0.133
0.129	0.271	0.010	0.590
0.684	0.015	0.263	0.038
0.005	0.024	0.721	0.250
0.900	0.042	0.037	0.021
0.195	0.014	0.609	0.182
0.203	0.029	0.737	0.031
>ACACGTGGTTTG	7-ACACGTGGTTTG	11.911549	-27.093657	0	T:27.0(1.04%),B:40.6(0.15%),P:1e-11	Tpos:662.9,Tstd:399.8,Bpos:787.8,Bstd:423.4,StrandBias:0.3,Multiplicity:1.00
0.997	0.001	0.001	0.001
0.050	0.881	0.001	0.068
0.997	0.001	0.001	0.001
0.021	0.837	0.092	0.050
0.214	0.001	0.752	0.033
0.001	0.001	0.067	0.931
0.067	0.001	0.931	0.001
0.001	0.049	0.949	0.001
0.001	0.067	0.001	0.931
0.001	0.001	0.049	0.949
0.049	0.001	0.001	0.949
0.001	0.001	0.931	0.067
>GTTTTCCCACCA	8-GTTTTCCCACCA	10.273550	-26.119823	0	T:43.0(1.66%),B:115.4(0.42%),P:1e-11	Tpos:901.7,Tstd:537.6,Bpos:913.5,Bstd:494.0,StrandBias:-0.3,Multiplicity:1.00
0.174	0.124	0.587	0.115
0.171	0.112	0.034	0.683
0.229	0.037	0.021	0.713
0.035	0.018	0.214	0.733
0.041	0.265	0.036	0.658
0.042	0.665	0.045	0.248
0.037	0.781	0.035	0.147
0.215	0.596	0.023	0.166
0.653	0.043	0.114	0.190
0.144	0.584	0.241	0.031
0.035	0.908	0.032	0.025
0.669	0.037	0.037	0.257
>TCTTATAGGGCG	9-TCTTATAGGGCG	13.163867	-25.931489	0	T:13.0(0.50%),B:3.6(0.01%),P:1e-11	Tpos:856.6,Tstd:378.2,Bpos:586.6,Bstd:383.7,StrandBias:-0.7,Multiplicity:1.00
0.001	0.001	0.001	0.997
0.001	0.997	0.001	0.001
0.001	0.078	0.001	0.920
0.001	0.078	0.001	0.920
0.841	0.079	0.079	0.001
0.079	0.001	0.058	0.862
0.920	0.001	0.001	0.078
0.001	0.078	0.920	0.001
0.001	0.001	0.997	0.001
0.001	0.001	0.997	0.001
0.058	0.817	0.001	0.124
0.046	0.079	0.874	0.001
>CGATGGCCGTGG	10-CGATGGCCGTGG	9.429080	-25.613652	0	T:135.0(5.21%),B:736.4(2.66%),P:1e-11	Tpos:1253.5,Tstd:424.6,Bpos:1231.3,Bstd:456.4,StrandBias:0.4,Multiplicity:1.01
0.051	0.802	0.095	0.052
0.071	0.029	0.833	0.067
0.731	0.110	0.030	0.129
0.054	0.093	0.077	0.776
0.050	0.059	0.867	0.024
0.028	0.025	0.892	0.055
0.039	0.873	0.053	0.035
0.070	0.831	0.047	0.052
0.028	0.056	0.833	0.083
0.055	0.027	0.118	0.800
0.059	0.014	0.913	0.014
0.071	0.047	0.853	0.029
>GAGMTGCATTTG	11-GAGMTGCATTTG	12.419140	-23.975366	0	T:22.0(0.85%),B:29.5(0.11%),P:1e-10	Tpos:610.6,Tstd:508.5,Bpos:695.1,Bstd:473.3,StrandBias:0.8,Multiplicity:1.00
0.051	0.001	0.947	0.001
0.997	0.001	0.001	0.001
0.120	0.001	0.878	0.001
0.456	0.473	0.070	0.001
0.001	0.229	0.001	0.769
0.112	0.034	0.853	0.001
0.070	0.756	0.070	0.104
0.997	0.001	0.001	0.001
0.001	0.001	0.173	0.825
0.051	0.034	0.001	0.914
0.070	0.093	0.121	0.716
0.001	0.001	0.834	0.164
>CCAAGGACCTGG	12-CCAAGGACCTGG	13.100033	-23.212025	0	T:25.0(0.97%),B:42.4(0.15%),P:1e-10	Tpos:1173.8,Tstd:463.9,Bpos:844.2,Bstd:442.4,StrandBias:1.4,Multiplicity:1.00
0.001	0.901	0.001	0.097
0.001	0.997	0.001	0.001
0.904	0.001	0.001	0.094
0.997	0.001	0.001	0.001
0.001	0.001	0.997	0.001
0.001	0.001	0.997	0.001
0.997	0.001	0.001	0.001
0.001	0.951	0.001	0.047
0.001	0.904	0.001	0.094
0.001	0.001	0.072	0.926
0.001	0.001	0.926	0.072
0.001	0.001	0.997	0.001
>ATCTTGAGATCA	13-ATCTTGAGATCA	11.918404	-22.976231	0	T:33.0(1.27%),B:78.7(0.28%),P:1e-9	Tpos:784.5,Tstd:430.4,Bpos:768.5,Bstd:459.0,StrandBias:-0.3,Multiplicity:1.00
0.936	0.001	0.024	0.039
0.001	0.001	0.001	0.997
0.001	0.966	0.032	0.001
0.001	0.032	0.001	0.966
0.039	0.001	0.038	0.922
0.038	0.001	0.960	0.001
0.923	0.001	0.049	0.027
0.001	0.049	0.901	0.049
0.778	0.134	0.049	0.039
0.001	0.001	0.032	0.966
0.088	0.726	0.165	0.021
0.997	0.001	0.001	0.001
>CTAATTTGATGG	14-CTAATTTGATGG	8.081535	-22.933894	0	T:34.0(1.31%),B:83.0(0.30%),P:1e-9	Tpos:761.9,Tstd:361.1,Bpos:743.1,Bstd:466.6,StrandBias:-0.8,Multiplicity:1.03
0.222	0.463	0.072	0.244
0.259	0.068	0.057	0.616
0.812	0.007	0.061	0.120
0.452	0.170	0.223	0.156
0.105	0.185	0.185	0.525
0.117	0.295	0.059	0.529
0.209	0.053	0.049	0.689
0.199	0.008	0.523	0.270
0.456	0.181	0.169	0.194
0.253	0.055	0.174	0.518
0.198	0.144	0.522	0.136
0.273	0.079	0.541	0.107
>AAGAATTCACAC	15-AAGAATTCACAC	13.156168	-19.325436	0	T:15.0(0.58%),B:15.6(0.06%),P:1e-8	Tpos:676.1,Tstd:520.0,Bpos:775.2,Bstd:480.0,StrandBias:0.9,Multiplicity:1.21
0.750	0.042	0.207	0.001
0.718	0.280	0.001	0.001
0.001	0.001	0.997	0.001
0.888	0.001	0.110	0.001
0.963	0.035	0.001	0.001
0.001	0.001	0.001	0.997
0.001	0.001	0.001	0.997
0.001	0.718	0.280	0.001
0.997	0.001	0.001	0.001
0.001	0.997	0.001	0.001
0.997	0.001	0.001	0.001
0.001	0.882	0.001	0.116
>AATTACATATAT	16-AATTACATATAT	9.507257	-17.561511	0	T:117.0(4.52%),B:703.0(2.54%),P:1e-7	Tpos:681.3,Tstd:409.4,Bpos:701.3,Bstd:400.7,StrandBias:-0.4,Multiplicity:1.10
0.843	0.059	0.053	0.045
0.813	0.060	0.076	0.051
0.048	0.048	0.101	0.803
0.072	0.052	0.065	0.811
0.837	0.028	0.086	0.049
0.045	0.835	0.035	0.085
0.873	0.036	0.032	0.059
0.063	0.047	0.062	0.828
0.831	0.041	0.068	0.060
0.073	0.054	0.047	0.826
0.847	0.060	0.048	0.045
0.043	0.049	0.051	0.857
>AATGATTGACTC	17-AATGATTGACTC	13.568551	-16.499069	0	T:11.0(0.42%),B:9.0(0.03%),P:1e-7	Tpos:678.7,Tstd:493.0,Bpos:886.0,Bstd:486.4,StrandBias:-10.0,Multiplicity:1.27
0.997	0.001	0.001	0.001
0.997	0.001	0.001	0.001
0.001	0.001	0.001	0.997
0.001	0.001	0.997	0.001
0.997	0.001	0.001	0.001
0.001	0.001	0.001	0.997
0.001	0.001	0.001	0.997
0.001	0.001	0.997	0.001
0.885	0.001	0.001	0.113
0.001	0.997	0.001	0.001
0.066	0.001	0.001	0.932
0.001	0.819	0.001	0.179
>CTCCAAGCCCTC	18-CTCCAAGCCCTC	12.355432	-16.114019	0	T:10.0(0.39%),B:6.9(0.02%),P:1e-6	Tpos:1071.4,Tstd:603.8,Bpos:890.9,Bstd:312.2,StrandBias:-1.2,Multiplicity:1.00
0.100	0.700	0.100	0.100
0.100	0.100	0.100	0.700
0.100	0.700	0.100	0.100
0.100	0.700	0.100	0.100
0.700	0.100	0.100	0.100
0.700	0.100	0.100	0.100
0.100	0.100	0.700	0.100
0.100	0.700	0.100	0.100
0.100	0.700	0.100	0.100
0.100	0.700	0.100	0.100
0.100	0.100	0.100	0.700
0.100	0.700	0.100	0.100
>CAVCGGGTTCSR	19-CAVCGGGTTCSR	11.464094	-14.702387	0	T:17.0(0.66%),B:33.1(0.12%),P:1e-6	Tpos:1045.0,Tstd:363.1,Bpos:975.0,Bstd:505.8,StrandBias:-1.2,Multiplicity:1.53
0.098	0.900	0.001	0.001
0.972	0.001	0.026	0.001
0.341	0.339	0.319	0.001
0.026	0.829	0.001	0.144
0.017	0.075	0.867	0.041
0.043	0.001	0.803	0.153
0.091	0.001	0.907	0.001
0.091	0.041	0.082	0.786
0.001	0.001	0.026	0.972
0.001	0.997	0.001	0.001
0.001	0.428	0.570	0.001
0.482	0.038	0.480	0.001
>CCTTATGCAGCC	20-CCTTATGCAGCC	12.544423	-14.274161	0	T:16.0(0.62%),B:30.8(0.11%),P:1e-6	Tpos:815.8,Tstd:456.2,Bpos:904.7,Bstd:555.4,StrandBias:0.4,Multiplicity:1.31
0.001	0.997	0.001	0.001
0.001	0.665	0.001	0.333
0.001	0.311	0.001	0.687
0.001	0.129	0.001	0.869
0.997	0.001	0.001	0.001
0.001	0.001	0.001	0.997
0.129	0.001	0.775	0.095
0.001	0.740	0.258	0.001
0.610	0.001	0.388	0.001
0.001	0.001	0.997	0.001
0.001	0.997	0.001	0.001
0.001	0.997	0.001	0.001
>TAATACACCTCA	21-TAATACACCTCA	12.752589	-13.802943	0	T:8.0(0.31%),B:4.8(0.02%),P:1e-5	Tpos:606.4,Tstd:371.5,Bpos:952.1,Bstd:360.4,StrandBias:-1.5,Multiplicity:1.88
0.001	0.001	0.001	0.997
0.842	0.156	0.001	0.001
0.997	0.001	0.001	0.001
0.001	0.001	0.001	0.997
0.997	0.001	0.001	0.001
0.001	0.921	0.001	0.077
0.997	0.001	0.001	0.001
0.057	0.941	0.001	0.001
0.001	0.997	0.001	0.001
0.156	0.001	0.001	0.842
0.001	0.997	0.001	0.001
0.997	0.001	0.001	0.001
>TTTCTAAGAAGG	22-TTTCTAAGAAGG	12.355432	-13.801563	0	T:7.0(0.27%),B:2.5(0.01%),P:1e-5	Tpos:330.6,Tstd:141.6,Bpos:1056.8,Bstd:107.4,StrandBias:-2.6,Multiplicity:1.00
0.100	0.100	0.100	0.700
0.100	0.100	0.100	0.700
0.100	0.100	0.100	0.700
0.100	0.700	0.100	0.100
0.100	0.100	0.100	0.700
0.700	0.100	0.100	0.100
0.700	0.100	0.100	0.100
0.100	0.100	0.700	0.100
0.700	0.100	0.100	0.100
0.700	0.100	0.100	0.100
0.100	0.100	0.700	0.100
0.100	0.100	0.700	0.100
>CATAGGGCCTTY	23-CATAGGGCCTTY	13.758491	-12.925815	0	T:8.0(0.31%),B:5.6(0.02%),P:1e-5	Tpos:710.0,Tstd:412.1,Bpos:955.4,Bstd:529.4,StrandBias:-1.5,Multiplicity:1.88
0.001	0.832	0.166	0.001
0.997	0.001	0.001	0.001
0.001	0.001	0.001	0.997
0.997	0.001	0.001	0.001
0.001	0.001	0.997	0.001
0.001	0.001	0.997	0.001
0.001	0.001	0.997	0.001
0.001	0.997	0.001	0.001
0.001	0.997	0.001	0.001
0.001	0.343	0.001	0.655
0.001	0.001	0.001	0.997
0.001	0.466	0.001	0.532
>TGCACCGTGACM	24-TGCACCGTGACM	12.893672	-10.801745	0	T:11.0(0.42%),B:20.0(0.07%),P:1e-4	Tpos:716.1,Tstd:548.3,Bpos:778.9,Bstd:469.4,StrandBias:1.8,Multiplicity:1.64
0.001	0.166	0.001	0.832
0.166	0.001	0.832	0.001
0.001	0.997	0.001	0.001
0.997	0.001	0.001	0.001
0.166	0.832	0.001	0.001
0.155	0.843	0.001	0.001
0.001	0.001	0.901	0.097
0.001	0.166	0.001	0.832
0.001	0.166	0.832	0.001
0.997	0.001	0.001	0.001
0.001	0.997	0.001	0.001
0.431	0.567	0.001	0.001
>TGTTTGTGAGAT	25-TGTTTGTGAGAT	12.355432	-9.723251	0	T:6.0(0.23%),B:4.9(0.02%),P:1e-4	Tpos:285.8,Tstd:275.6,Bpos:1160.9,Bstd:343.4,StrandBias:-1.8,Multiplicity:1.50
0.100	0.100	0.100	0.700
0.100	0.100	0.700	0.100
0.100	0.100	0.100	0.700
0.100	0.100	0.100	0.700
0.100	0.100	0.100	0.700
0.100	0.100	0.700	0.100
0.100	0.100	0.100	0.700
0.100	0.100	0.700	0.100
0.700	0.100	0.100	0.100
0.100	0.100	0.700	0.100
0.700	0.100	0.100	0.100
0.100	0.100	0.100	0.700
>GATGCACT	1-GATGCACT	6.963374	-20.301333	0	T:1026.0(39.63%),B:9363.5(33.77%),P:1e-8	Tpos:819.3,Tstd:469.6,Bpos:831.3,Bstd:497.4,StrandBias:-0.1,Multiplicity:1.33
0.315	0.001	0.683	0.001
0.846	0.152	0.001	0.001
0.001	0.047	0.118	0.834
0.155	0.013	0.823	0.009
0.196	0.691	0.001	0.112
0.997	0.001	0.001	0.001
0.001	0.815	0.001	0.183
0.124	0.001	0.041	0.834
>ATTAAACG	2-ATTAAACG	6.640157	-16.233608	0	T:653.0(25.22%),B:5750.2(20.74%),P:1e-7	Tpos:741.5,Tstd:431.9,Bpos:765.2,Bstd:461.5,StrandBias:0.1,Multiplicity:1.19
0.942	0.056	0.001	0.001
0.056	0.001	0.058	0.885
0.074	0.034	0.030	0.862
0.713	0.084	0.101	0.102
0.972	0.026	0.001	0.001
0.997	0.001	0.001	0.001
0.001	0.945	0.053	0.001
0.150	0.134	0.715	0.001
>TGTAGCGT	3-TGTAGCGT	7.994959	-15.232236	0	T:443.0(17.11%),B:3724.8(13.43%),P:1e-6	Tpos:934.3,Tstd:450.9,Bpos:904.2,Bstd:514.1,StrandBias:-0.1,Multiplicity:1.11
0.167	0.001	0.001	0.831
0.001	0.001	0.873	0.125
0.001	0.001	0.324	0.674
0.975	0.023	0.001	0.001
0.001	0.001	0.997	0.001
0.001	0.997	0.001	0.001
0.001	0.001	0.669	0.329
0.001	0.001	0.001	0.997
>GCTAGGTT	4-GCTAGGTT	7.826177	-14.337998	0	T:288.0(11.12%),B:2279.1(8.22%),P:1e-6	Tpos:925.3,Tstd:474.2,Bpos:913.8,Bstd:499.1,StrandBias:-0.1,Multiplicity:1.06
0.164	0.001	0.830	0.005
0.001	0.997	0.001	0.001
0.001	0.001	0.252	0.746
0.997	0.001	0.001	0.001
0.001	0.001	0.939	0.059
0.001	0.001	0.997	0.001
0.001	0.001	0.001	0.997
0.001	0.001	0.001	0.997
>GCACTTCT	5-GCACTTCT	9.230471	-12.130838	0	T:196.0(7.57%),B:1493.5(5.39%),P:1e-5	Tpos:907.5,Tstd:495.7,Bpos:907.2,Bstd:483.9,StrandBias:0.3,Multiplicity:1.04
0.001	0.001	0.997	0.001
0.001	0.997	0.001	0.001
0.997	0.001	0.001	0.001
0.001	0.997	0.001	0.001
0.001	0.001	0.159	0.839
0.001	0.001	0.001	0.997
0.001	0.997	0.001	0.001
0.001	0.001	0.001	0.997
>TTCTACTT	6-TTCTACTT	8.025503	-12.041700	0	T:708.0(27.35%),B:6499.3(23.44%),P:1e-5	Tpos:786.3,Tstd:483.2,Bpos:789.7,Bstd:497.4,StrandBias:0.0,Multiplicity:1.22
0.001	0.001	0.001	0.997
0.132	0.001	0.001	0.866
0.001	0.997	0.001	0.001
0.001	0.001	0.084	0.914
0.754	0.001	0.001	0.244
0.001	0.997	0.001	0.001
0.137	0.001	0.001	0.861
0.001	0.001	0.001	0.997
>GGTTCAGG	7-GGTTCAGG	8.236954	-10.425527	0	T:183.0(7.07%),B:1421.2(5.13%),P:1e-4	Tpos:949.3,Tstd:471.3,Bpos:904.2,Bstd:506.5,StrandBias:0.3,Multiplicity:1.07
0.100	0.100	0.700	0.100
0.100	0.100	0.700	0.100
0.100	0.100	0.100	0.700
0.100	0.100	0.100	0.700
0.100	0.700	0.100	0.100
0.700	0.100	0.100	0.100
0.100	0.100	0.700	0.100
0.100	0.100	0.700	0.100
>TTGGGAAT	8-TTGGGAAT	9.074222	-9.576513	0	T:200.0(7.72%),B:1604.7(5.79%),P:1e-4	Tpos:872.9,Tstd:481.1,Bpos:825.1,Bstd:490.9,StrandBias:0.0,Multiplicity:1.06
0.001	0.001	0.001	0.997
0.001	0.001	0.001	0.997
0.001	0.001	0.997	0.001
0.001	0.136	0.862	0.001
0.001	0.001	0.997	0.001
0.997	0.001	0.001	0.001
0.997	0.001	0.001	0.001
0.001	0.001	0.001	0.997
