>ATGTGTCCAATC	1-ATGTGTCCAATC	12.740580	-36.470448	0	T:24.0(0.93%),B:15.4(0.06%),P:1e-15	Tpos:796.9,Tstd:446.3,Bpos:981.4,Bstd:428.4,StrandBias:-0.5,Multiplicity:1.00
0.924	0.001	0.001	0.074
0.001	0.001	0.054	0.944
0.001	0.001	0.887	0.111
0.075	0.055	0.075	0.795
0.001	0.001	0.997	0.001
0.001	0.001	0.001	0.997
0.001	0.924	0.001	0.074
0.001	0.997	0.001	0.001
0.806	0.075	0.001	0.118
0.955	0.001	0.043	0.001
0.001	0.075	0.055	0.869
0.001	0.944	0.054	0.001
>TAGGATGCATTC	2-TAGGATGCATTC	10.251119	-32.709327	0	T:33.0(1.27%),B:49.9(0.18%),P:1e-14	Tpos:877.3,Tstd:422.9,Bpos:805.1,Bstd:440.1,StrandBias:0.3,Multiplicity:1.00
0.018	0.178	0.027	0.777
0.783	0.012	0.185	0.020
0.126	0.015	0.690	0.169
0.252	0.024	0.590	0.134
0.780	0.027	0.016	0.177
0.231	0.017	0.031	0.721
0.174	0.015	0.571	0.240
0.014	0.528	0.291	0.167
0.941	0.012	0.029	0.018
0.211	0.019	0.211	0.559
0.176	0.259	0.127	0.438
0.020	0.741	0.022	0.217
>TTTGGGAATTGG	3-TTTGGGAATTGG	12.529781	-30.527984	0	T:28.0(1.08%),B:36.6(0.13%),P:1e-13	Tpos:890.8,Tstd:361.5,Bpos:913.5,Bstd:484.7,StrandBias:0.3,Multiplicity:1.04
0.052	0.001	0.129	0.818
0.038	0.001	0.038	0.923
0.038	0.001	0.001	0.960
0.038	0.001	0.960	0.001
0.009	0.001	0.989	0.001
0.001	0.001	0.968	0.030
0.957	0.001	0.021	0.021
0.826	0.001	0.021	0.152
0.001	0.001	0.021	0.977
0.001	0.001	0.027	0.971
0.022	0.026	0.897	0.055
0.059	0.001	0.929	0.011
>CTAGCTTCTCAT	4-CTAGCTTCTCAT	12.442037	-30.198903	0	T:26.0(1.00%),B:30.8(0.11%),P:1e-13	Tpos:705.1,Tstd:432.5,Bpos:980.9,Bstd:405.6,StrandBias:-0.4,Multiplicity:1.00
0.129	0.869	0.001	0.001
0.046	0.037	0.001	0.916
0.775	0.058	0.166	0.001
0.001	0.147	0.762	0.090
0.038	0.929	0.001	0.032
0.001	0.001	0.001	0.997
0.001	0.196	0.001	0.802
0.001	0.997	0.001	0.001
0.046	0.043	0.058	0.853
0.001	0.997	0.001	0.001
0.752	0.021	0.001	0.226
0.001	0.001	0.001	0.997
>TCCAAAAGTCTC	5-TCCAAAAGTCTC	11.938217	-28.845843	0	T:39.0(1.51%),B:85.3(0.31%),P:1e-12	Tpos:935.8,Tstd:478.6,Bpos:702.6,Bstd:468.4,StrandBias:0.2,Multiplicity:1.00
0.001	0.010	0.046	0.943
0.031	0.868	0.001	0.100
0.046	0.922	0.001	0.031
0.931	0.022	0.046	0.001
0.836	0.047	0.086	0.031
0.973	0.001	0.025	0.001
0.912	0.001	0.001	0.086
0.001	0.046	0.952	0.001
0.001	0.093	0.031	0.875
0.001	0.936	0.001	0.062
0.001	0.022	0.001	0.976
0.001	0.973	0.001	0.025
>TCACTCTAGAGG	6-TCACTCTAGAGG	10.617151	-28.053525	0	T:31.0(1.20%),B:53.9(0.19%),P:1e-12	Tpos:831.2,Tstd:476.6,Bpos:969.0,Bstd:525.5,StrandBias:-0.1,Multiplicity:1.00
0.114	0.234	0.022	0.630
0.201	0.651	0.060	0.088
0.907	0.026	0.035	0.032
0.024	0.730	0.043	0.203
0.017	0.123	0.154	0.706
0.175	0.584	0.108	0.133
0.129	0.271	0.010	0.590
0.684	0.015	0.263	0.038
0.005	0.024	0.721	0.250
0.900	0.042	0.037	0.021
0.195	0.014	0.609	0.182
0.203	0.029	0.737	0.031
>ACACGTGGTTTG	7-ACACGTGGTTTG	11.911549	-27.093657	0	T:27.0(1.04%),B:40.6(0.15%),P:1e-11	Tpos:662.9,Tstd:399.8,Bpos:787.8,Bstd:423.4,StrandBias:0.3,Multiplicity:1.00
0.997	0.001	0.001	0.001
0.050	0.881	0.001	0.068
0.997	0.001	0.001	0.001
0.021	0.837	0.092	0.050
0.214	0.001	0.752	0.033
0.001	0.001	0.067	0.931
0.067	0.001	0.931	0.001
0.001	0.049	0.949	0.001
0.001	0.067	0.001	0.931
0.001	0.001	0.049	0.949
0.049	0.001	0.001	0.949
0.001	0.001	0.931	0.067
>GTTTTCCCACCA	8-GTTTTCCCACCA	10.273550	-26.119823	0	T:43.0(1.66%),B:115.4(0.42%),P:1e-11	Tpos:901.7,Tstd:537.6,Bpos:913.5,Bstd:494.0,StrandBias:-0.3,Multiplicity:1.00
0.174	0.124	0.587	0.115
0.171	0.112	0.034	0.683
0.229	0.037	0.021	0.713
0.035	0.018	0.214	0.733
0.041	0.265	0.036	0.658
0.042	0.665	0.045	0.248
0.037	0.781	0.035	0.147
0.215	0.596	0.023	0.166
0.653	0.043	0.114	0.190
0.144	0.584	0.241	0.031
0.035	0.908	0.032	0.025
0.669	0.037	0.037	0.257
>TCTTATAGGGCG	9-TCTTATAGGGCG	13.163867	-25.931489	0	T:13.0(0.50%),B:3.6(0.01%),P:1e-11	Tpos:856.6,Tstd:378.2,Bpos:586.6,Bstd:383.7,StrandBias:-0.7,Multiplicity:1.00
0.001	0.001	0.001	0.997
0.001	0.997	0.001	0.001
0.001	0.078	0.001	0.920
0.001	0.078	0.001	0.920
0.841	0.079	0.079	0.001
0.079	0.001	0.058	0.862
0.920	0.001	0.001	0.078
0.001	0.078	0.920	0.001
0.001	0.001	0.997	0.001
0.001	0.001	0.997	0.001
0.058	0.817	0.001	0.124
0.046	0.079	0.874	0.001
>CGATGGCCGTGG	10-CGATGGCCGTGG	9.429080	-25.613652	0	T:135.0(5.21%),B:736.4(2.66%),P:1e-11	Tpos:1253.5,Tstd:424.6,Bpos:1231.3,Bstd:456.4,StrandBias:0.4,Multiplicity:1.01
0.051	0.802	0.095	0.052
0.071	0.029	0.833	0.067
0.731	0.110	0.030	0.129
0.054	0.093	0.077	0.776
0.050	0.059	0.867	0.024
0.028	0.025	0.892	0.055
0.039	0.873	0.053	0.035
0.070	0.831	0.047	0.052
0.028	0.056	0.833	0.083
0.055	0.027	0.118	0.800
0.059	0.014	0.913	0.014
0.071	0.047	0.853	0.029
>GAGMTGCATTTG	11-GAGMTGCATTTG	12.419140	-23.975366	0	T:22.0(0.85%),B:29.5(0.11%),P:1e-10	Tpos:610.6,Tstd:508.5,Bpos:695.1,Bstd:473.3,StrandBias:0.8,Multiplicity:1.00
0.051	0.001	0.947	0.001
0.997	0.001	0.001	0.001
0.120	0.001	0.878	0.001
0.456	0.473	0.070	0.001
0.001	0.229	0.001	0.769
0.112	0.034	0.853	0.001
0.070	0.756	0.070	0.104
0.997	0.001	0.001	0.001
0.001	0.001	0.173	0.825
0.051	0.034	0.001	0.914
0.070	0.093	0.121	0.716
0.001	0.001	0.834	0.164
>CCAAGGACCTGG	12-CCAAGGACCTGG	13.100033	-23.212025	0	T:25.0(0.97%),B:42.4(0.15%),P:1e-10	Tpos:1173.8,Tstd:463.9,Bpos:844.2,Bstd:442.4,StrandBias:1.4,Multiplicity:1.00
0.001	0.901	0.001	0.097
0.001	0.997	0.001	0.001
0.904	0.001	0.001	0.094
0.997	0.001	0.001	0.001
0.001	0.001	0.997	0.001
0.001	0.001	0.997	0.001
0.997	0.001	0.001	0.001
0.001	0.951	0.001	0.047
0.001	0.904	0.001	0.094
0.001	0.001	0.072	0.926
0.001	0.001	0.926	0.072
0.001	0.001	0.997	0.001
>ATCTTGAGATCA	13-ATCTTGAGATCA	11.918404	-22.976231	0	T:33.0(1.27%),B:78.7(0.28%),P:1e-9	Tpos:784.5,Tstd:430.4,Bpos:768.5,Bstd:459.0,StrandBias:-0.3,Multiplicity:1.00
0.936	0.001	0.024	0.039
0.001	0.001	0.001	0.997
0.001	0.966	0.032	0.001
0.001	0.032	0.001	0.966
0.039	0.001	0.038	0.922
0.038	0.001	0.960	0.001
0.923	0.001	0.049	0.027
0.001	0.049	0.901	0.049
0.778	0.134	0.049	0.039
0.001	0.001	0.032	0.966
0.088	0.726	0.165	0.021
0.997	0.001	0.001	0.001
>CTAATTTGATGG	14-CTAATTTGATGG	8.081535	-22.933894	0	T:34.0(1.31%),B:83.0(0.30%),P:1e-9	Tpos:761.9,Tstd:361.1,Bpos:743.1,Bstd:466.6,StrandBias:-0.8,Multiplicity:1.03
0.222	0.463	0.072	0.244
0.259	0.068	0.057	0.616
0.812	0.007	0.061	0.120
0.452	0.170	0.223	0.156
0.105	0.185	0.185	0.525
0.117	0.295	0.059	0.529
0.209	0.053	0.049	0.689
0.199	0.008	0.523	0.270
0.456	0.181	0.169	0.194
0.253	0.055	0.174	0.518
0.198	0.144	0.522	0.136
0.273	0.079	0.541	0.107
>AAGAATTCACAC	15-AAGAATTCACAC	13.156168	-19.325436	0	T:15.0(0.58%),B:15.6(0.06%),P:1e-8	Tpos:676.1,Tstd:520.0,Bpos:775.2,Bstd:480.0,StrandBias:0.9,Multiplicity:1.21
0.750	0.042	0.207	0.001
0.718	0.280	0.001	0.001
0.001	0.001	0.997	0.001
0.888	0.001	0.110	0.001
0.963	0.035	0.001	0.001
0.001	0.001	0.001	0.997
0.001	0.001	0.001	0.997
0.001	0.718	0.280	0.001
0.997	0.001	0.001	0.001
0.001	0.997	0.001	0.001
0.997	0.001	0.001	0.001
0.001	0.882	0.001	0.116
>AATTACATATAT	16-AATTACATATAT	9.507257	-17.561511	0	T:117.0(4.52%),B:703.0(2.54%),P:1e-7	Tpos:681.3,Tstd:409.4,Bpos:701.3,Bstd:400.7,StrandBias:-0.4,Multiplicity:1.10
0.843	0.059	0.053	0.045
0.813	0.060	0.076	0.051
0.048	0.048	0.101	0.803
0.072	0.052	0.065	0.811
0.837	0.028	0.086	0.049
0.045	0.835	0.035	0.085
0.873	0.036	0.032	0.059
0.063	0.047	0.062	0.828
0.831	0.041	0.068	0.060
0.073	0.054	0.047	0.826
0.847	0.060	0.048	0.045
0.043	0.049	0.051	0.857
>AATGATTGACTC	17-AATGATTGACTC	13.568551	-16.499069	0	T:11.0(0.42%),B:9.0(0.03%),P:1e-7	Tpos:678.7,Tstd:493.0,Bpos:886.0,Bstd:486.4,StrandBias:-10.0,Multiplicity:1.27
0.997	0.001	0.001	0.001
0.997	0.001	0.001	0.001
0.001	0.001	0.001	0.997
0.001	0.001	0.997	0.001
0.997	0.001	0.001	0.001
0.001	0.001	0.001	0.997
0.001	0.001	0.001	0.997
0.001	0.001	0.997	0.001
0.885	0.001	0.001	0.113
0.001	0.997	0.001	0.001
0.066	0.001	0.001	0.932
0.001	0.819	0.001	0.179
>CTCCAAGCCCTC	18-CTCCAAGCCCTC	12.355432	-16.114019	0	T:10.0(0.39%),B:6.9(0.02%),P:1e-6	Tpos:1071.4,Tstd:603.8,Bpos:890.9,Bstd:312.2,StrandBias:-1.2,Multiplicity:1.00
0.100	0.700	0.100	0.100
0.100	0.100	0.100	0.700
0.100	0.700	0.100	0.100
0.100	0.700	0.100	0.100
0.700	0.100	0.100	0.100
0.700	0.100	0.100	0.100
0.100	0.100	0.700	0.100
0.100	0.700	0.100	0.100
0.100	0.700	0.100	0.100
0.100	0.700	0.100	0.100
0.100	0.100	0.100	0.700
0.100	0.700	0.100	0.100
>CAVCGGGTTCSR	19-CAVCGGGTTCSR	11.464094	-14.702387	0	T:17.0(0.66%),B:33.1(0.12%),P:1e-6	Tpos:1045.0,Tstd:363.1,Bpos:975.0,Bstd:505.8,StrandBias:-1.2,Multiplicity:1.53
0.098	0.900	0.001	0.001
0.972	0.001	0.026	0.001
0.341	0.339	0.319	0.001
0.026	0.829	0.001	0.144
0.017	0.075	0.867	0.041
0.043	0.001	0.803	0.153
0.091	0.001	0.907	0.001
0.091	0.041	0.082	0.786
0.001	0.001	0.026	0.972
0.001	0.997	0.001	0.001
0.001	0.428	0.570	0.001
0.482	0.038	0.480	0.001
>CCTTATGCAGCC	20-CCTTATGCAGCC	12.544423	-14.274161	0	T:16.0(0.62%),B:30.8(0.11%),P:1e-6	Tpos:815.8,Tstd:456.2,Bpos:904.7,Bstd:555.4,StrandBias:0.4,Multiplicity:1.31
0.001	0.997	0.001	0.001
0.001	0.665	0.001	0.333
0.001	0.311	0.001	0.687
0.001	0.129	0.001	0.869
0.997	0.001	0.001	0.001
0.001	0.001	0.001	0.997
0.129	0.001	0.775	0.095
0.001	0.740	0.258	0.001
0.610	0.001	0.388	0.001
0.001	0.001	0.997	0.001
0.001	0.997	0.001	0.001
0.001	0.997	0.001	0.001
>TAATACACCTCA	21-TAATACACCTCA	12.752589	-13.802943	0	T:8.0(0.31%),B:4.8(0.02%),P:1e-5	Tpos:606.4,Tstd:371.5,Bpos:952.1,Bstd:360.4,StrandBias:-1.5,Multiplicity:1.88
0.001	0.001	0.001	0.997
0.842	0.156	0.001	0.001
0.997	0.001	0.001	0.001
0.001	0.001	0.001	0.997
0.997	0.001	0.001	0.001
0.001	0.921	0.001	0.077
0.997	0.001	0.001	0.001
0.057	0.941	0.001	0.001
0.001	0.997	0.001	0.001
0.156	0.001	0.001	0.842
0.001	0.997	0.001	0.001
0.997	0.001	0.001	0.001
>TTTCTAAGAAGG	22-TTTCTAAGAAGG	12.355432	-13.801563	0	T:7.0(0.27%),B:2.5(0.01%),P:1e-5	Tpos:330.6,Tstd:141.6,Bpos:1056.8,Bstd:107.4,StrandBias:-2.6,Multiplicity:1.00
0.100	0.100	0.100	0.700
0.100	0.100	0.100	0.700
0.100	0.100	0.100	0.700
0.100	0.700	0.100	0.100
0.100	0.100	0.100	0.700
0.700	0.100	0.100	0.100
0.700	0.100	0.100	0.100
0.100	0.100	0.700	0.100
0.700	0.100	0.100	0.100
0.700	0.100	0.100	0.100
0.100	0.100	0.700	0.100
0.100	0.100	0.700	0.100
>CATAGGGCCTTY	23-CATAGGGCCTTY	13.758491	-12.925815	0	T:8.0(0.31%),B:5.6(0.02%),P:1e-5	Tpos:710.0,Tstd:412.1,Bpos:955.4,Bstd:529.4,StrandBias:-1.5,Multiplicity:1.88
0.001	0.832	0.166	0.001
0.997	0.001	0.001	0.001
0.001	0.001	0.001	0.997
0.997	0.001	0.001	0.001
0.001	0.001	0.997	0.001
0.001	0.001	0.997	0.001
0.001	0.001	0.997	0.001
0.001	0.997	0.001	0.001
0.001	0.997	0.001	0.001
0.001	0.343	0.001	0.655
0.001	0.001	0.001	0.997
0.001	0.466	0.001	0.532
>TGCACCGTGACM	24-TGCACCGTGACM	12.893672	-10.801745	0	T:11.0(0.42%),B:20.0(0.07%),P:1e-4	Tpos:716.1,Tstd:548.3,Bpos:778.9,Bstd:469.4,StrandBias:1.8,Multiplicity:1.64
0.001	0.166	0.001	0.832
0.166	0.001	0.832	0.001
0.001	0.997	0.001	0.001
0.997	0.001	0.001	0.001
0.166	0.832	0.001	0.001
0.155	0.843	0.001	0.001
0.001	0.001	0.901	0.097
0.001	0.166	0.001	0.832
0.001	0.166	0.832	0.001
0.997	0.001	0.001	0.001
0.001	0.997	0.001	0.001
0.431	0.567	0.001	0.001
>TGTTTGTGAGAT	25-TGTTTGTGAGAT	12.355432	-9.723251	0	T:6.0(0.23%),B:4.9(0.02%),P:1e-4	Tpos:285.8,Tstd:275.6,Bpos:1160.9,Bstd:343.4,StrandBias:-1.8,Multiplicity:1.50
0.100	0.100	0.100	0.700
0.100	0.100	0.700	0.100
0.100	0.100	0.100	0.700
0.100	0.100	0.100	0.700
0.100	0.100	0.100	0.700
0.100	0.100	0.700	0.100
0.100	0.100	0.100	0.700
0.100	0.100	0.700	0.100
0.700	0.100	0.100	0.100
0.100	0.100	0.700	0.100
0.700	0.100	0.100	0.100
0.100	0.100	0.100	0.700
