>TGACCTAWGG	1-TGACCTAWGG	9.607021	-25.840414	0	T:35.0(5.03%),B:165.9(1.14%),P:1e-11	Tpos:888.9,Tstd:497.7,Bpos:954.4,Bstd:502.0,StrandBias:0.1,Multiplicity:1.10
0.001	0.079	0.079	0.841
0.001	0.001	0.962	0.036
0.987	0.011	0.001	0.001
0.115	0.842	0.001	0.042
0.001	0.825	0.115	0.059
0.064	0.102	0.079	0.755
0.727	0.001	0.271	0.001
0.427	0.001	0.001	0.571
0.001	0.001	0.997	0.001
0.096	0.001	0.801	0.102
>GCTCGTGGCG	2-GCTCGTGGCG	7.016250	-21.838805	0	T:104.0(14.94%),B:1122.0(7.72%),P:1e-9	Tpos:1320.4,Tstd:365.4,Bpos:1251.7,Bstd:464.9,StrandBias:0.2,Multiplicity:1.11
0.047	0.083	0.829	0.041
0.031	0.848	0.057	0.064
0.102	0.105	0.054	0.739
0.062	0.780	0.057	0.101
0.047	0.107	0.786	0.060
0.117	0.090	0.056	0.737
0.055	0.107	0.766	0.072
0.034	0.033	0.883	0.050
0.078	0.834	0.060	0.028
0.062	0.085	0.807	0.046
>CCCCTTATCC	3-CCCCTTATCC	8.653798	-21.029790	0	T:75.0(10.78%),B:708.0(4.87%),P:1e-9	Tpos:1133.7,Tstd:468.4,Bpos:1128.3,Bstd:484.2,StrandBias:0.5,Multiplicity:1.04
0.006	0.954	0.001	0.039
0.001	0.957	0.001	0.041
0.090	0.559	0.049	0.302
0.028	0.792	0.054	0.126
0.041	0.001	0.001	0.957
0.001	0.029	0.216	0.754
0.640	0.281	0.001	0.078
0.001	0.001	0.001	0.997
0.041	0.957	0.001	0.001
0.200	0.798	0.001	0.001
>ACCGATTCAT	4-ACCGATTCAT	6.652679	-20.514457	0	T:282.0(40.52%),B:4298.7(29.57%),P:1e-8	Tpos:945.2,Tstd:490.7,Bpos:966.8,Bstd:499.3,StrandBias:-0.1,Multiplicity:1.41
0.744	0.115	0.085	0.056
0.050	0.852	0.048	0.050
0.077	0.733	0.065	0.125
0.123	0.054	0.751	0.072
0.845	0.052	0.049	0.054
0.051	0.050	0.082	0.817
0.075	0.072	0.085	0.768
0.035	0.863	0.053	0.049
0.822	0.076	0.045	0.057
0.048	0.057	0.086	0.809
>GCAACTGCTA	5-GCAACTGCTA	7.256360	-19.382447	0	T:118.0(16.95%),B:1400.4(9.63%),P:1e-8	Tpos:953.9,Tstd:502.7,Bpos:965.9,Bstd:516.6,StrandBias:-0.3,Multiplicity:1.15
0.073	0.068	0.760	0.099
0.058	0.801	0.103	0.038
0.885	0.038	0.048	0.029
0.770	0.066	0.084	0.080
0.038	0.753	0.079	0.130
0.021	0.064	0.076	0.839
0.053	0.040	0.825	0.082
0.057	0.818	0.061	0.064
0.038	0.099	0.076	0.787
0.768	0.060	0.083	0.089
>TTTTGACTCT	6-TTTTGACTCT	10.889111	-19.345098	0	T:62.0(8.91%),B:555.4(3.82%),P:1e-8	Tpos:946.7,Tstd:496.9,Bpos:904.9,Bstd:501.6,StrandBias:0.3,Multiplicity:1.10
0.001	0.258	0.001	0.740
0.032	0.001	0.001	0.966
0.001	0.001	0.001	0.997
0.001	0.001	0.001	0.997
0.001	0.310	0.574	0.115
0.997	0.001	0.001	0.001
0.001	0.633	0.365	0.001
0.001	0.001	0.001	0.997
0.001	0.997	0.001	0.001
0.001	0.001	0.001	0.997
>CTCGCTGCAG	7-CTCGCTGCAG	6.838813	-18.847912	0	T:197.0(28.30%),B:2776.3(19.10%),P:1e-8	Tpos:1187.3,Tstd:466.6,Bpos:1198.3,Bstd:485.1,StrandBias:0.2,Multiplicity:1.22
0.055	0.836	0.053	0.056
0.066	0.038	0.108	0.788
0.071	0.794	0.058	0.077
0.042	0.062	0.848	0.048
0.043	0.832	0.067	0.058
0.052	0.065	0.106	0.777
0.038	0.041	0.802	0.119
0.064	0.809	0.085	0.042
0.765	0.064	0.080	0.091
0.101	0.060	0.756	0.083
>ATYCMATTAT	8-ATYCMATTAT	7.170255	-17.144176	0	T:57.0(8.19%),B:522.8(3.60%),P:1e-7	Tpos:794.6,Tstd:495.6,Bpos:816.7,Bstd:469.4,StrandBias:0.0,Multiplicity:1.11
0.605	0.062	0.046	0.287
0.036	0.069	0.361	0.534
0.052	0.408	0.061	0.479
0.037	0.596	0.328	0.039
0.448	0.424	0.058	0.069
0.554	0.069	0.340	0.037
0.017	0.070	0.380	0.533
0.023	0.012	0.397	0.568
0.543	0.092	0.332	0.033
0.135	0.043	0.307	0.515
>GTAAGCTCGC	9-GTAAGCTCGC	9.678314	-16.997315	0	T:21.0(3.02%),B:93.1(0.64%),P:1e-7	Tpos:1174.0,Tstd:469.6,Bpos:1254.2,Bstd:464.6,StrandBias:-0.1,Multiplicity:1.00
0.029	0.001	0.929	0.041
0.001	0.078	0.078	0.843
0.865	0.019	0.087	0.029
0.933	0.065	0.001	0.001
0.049	0.001	0.872	0.078
0.001	0.958	0.001	0.040
0.065	0.001	0.001	0.933
0.001	0.961	0.037	0.001
0.142	0.001	0.856	0.001
0.034	0.900	0.065	0.001
>AAGCTGTGTC	10-AAGCTGTGTC	7.484124	-16.435978	0	T:56.0(8.05%),B:520.2(3.58%),P:1e-7	Tpos:974.2,Tstd:546.0,Bpos:1004.2,Bstd:524.2,StrandBias:0.2,Multiplicity:1.07
0.699	0.163	0.117	0.021
0.479	0.136	0.162	0.223
0.169	0.035	0.689	0.107
0.027	0.859	0.034	0.080
0.034	0.270	0.028	0.668
0.199	0.099	0.555	0.147
0.197	0.210	0.024	0.569
0.185	0.144	0.652	0.019
0.071	0.235	0.231	0.462
0.019	0.579	0.135	0.267
>TTTTCTRGAT	11-TTTTCTRGAT	10.705427	-16.137818	0	T:39.0(5.60%),B:299.9(2.06%),P:1e-7	Tpos:1000.5,Tstd:492.6,Bpos:937.3,Bstd:492.5,StrandBias:0.9,Multiplicity:1.15
0.001	0.145	0.001	0.853
0.001	0.001	0.001	0.997
0.001	0.001	0.001	0.997
0.001	0.001	0.001	0.997
0.001	0.997	0.001	0.001
0.001	0.001	0.087	0.911
0.431	0.046	0.522	0.001
0.001	0.001	0.997	0.001
0.674	0.001	0.324	0.001
0.069	0.001	0.001	0.929
>GACWCCAATG	12-GACWCCAATG	7.751484	-16.048687	0	T:43.0(6.18%),B:351.8(2.42%),P:1e-6	Tpos:991.7,Tstd:540.1,Bpos:1007.0,Bstd:493.7,StrandBias:-0.3,Multiplicity:1.14
0.016	0.216	0.748	0.020
0.715	0.215	0.027	0.043
0.029	0.615	0.164	0.192
0.543	0.012	0.034	0.411
0.012	0.607	0.342	0.039
0.288	0.630	0.062	0.020
0.569	0.025	0.373	0.033
0.604	0.036	0.201	0.159
0.169	0.012	0.192	0.627
0.127	0.183	0.492	0.198
>GAGGTAAADA	13-GAGGTAAADA	8.686358	-15.964438	0	T:168.0(24.14%),B:2361.1(16.24%),P:1e-6	Tpos:960.3,Tstd:481.4,Bpos:961.7,Bstd:513.5,StrandBias:-0.1,Multiplicity:1.23
0.001	0.196	0.802	0.001
0.997	0.001	0.001	0.001
0.001	0.182	0.591	0.226
0.001	0.055	0.631	0.313
0.052	0.024	0.001	0.923
0.952	0.001	0.001	0.046
0.997	0.001	0.001	0.001
0.819	0.001	0.080	0.100
0.271	0.012	0.369	0.347
0.623	0.258	0.118	0.001
>GGTCAATGAT	14-GGTCAATGAT	7.432835	-15.053549	0	T:101.0(14.51%),B:1240.2(8.53%),P:1e-6	Tpos:954.2,Tstd:492.9,Bpos:957.5,Bstd:512.8,StrandBias:0.1,Multiplicity:1.17
0.030	0.092	0.854	0.024
0.081	0.093	0.787	0.039
0.086	0.058	0.076	0.780
0.031	0.882	0.040	0.047
0.826	0.045	0.066	0.063
0.817	0.059	0.060	0.064
0.060	0.117	0.088	0.735
0.104	0.050	0.786	0.060
0.713	0.088	0.086	0.113
0.025	0.044	0.104	0.827
>AAATGGCGTG	15-AAATGGCGTG	9.331236	-14.570415	0	T:17.0(2.44%),B:72.4(0.50%),P:1e-6	Tpos:1105.8,Tstd:536.7,Bpos:1194.1,Bstd:438.7,StrandBias:-0.7,Multiplicity:1.06
0.878	0.120	0.001	0.001
0.997	0.001	0.001	0.001
0.856	0.050	0.001	0.093
0.001	0.107	0.001	0.891
0.001	0.001	0.997	0.001
0.001	0.001	0.997	0.001
0.001	0.997	0.001	0.001
0.001	0.001	0.997	0.001
0.001	0.001	0.001	0.997
0.001	0.001	0.997	0.001
>CACTCGTGCS	16-CACTCGTGCS	8.450961	-13.224921	0	T:37.0(5.32%),B:313.7(2.16%),P:1e-5	Tpos:1205.1,Tstd:429.5,Bpos:1194.5,Bstd:466.4,StrandBias:0.3,Multiplicity:1.03
0.014	0.869	0.001	0.116
0.895	0.103	0.001	0.001
0.001	0.887	0.073	0.039
0.001	0.002	0.128	0.869
0.006	0.874	0.073	0.047
0.013	0.001	0.985	0.001
0.001	0.073	0.001	0.925
0.016	0.001	0.982	0.001
0.015	0.839	0.003	0.143
0.001	0.400	0.514	0.085
>CGAGCTCGGC	17-CGAGCTCGGC	13.633786	-10.373763	0	T:6.0(0.86%),B:9.3(0.06%),P:1e-4	Tpos:1600.3,Tstd:59.7,Bpos:1482.7,Bstd:207.0,StrandBias:0.4,Multiplicity:1.00
0.001	0.997	0.001	0.001
0.001	0.001	0.997	0.001
0.997	0.001	0.001	0.001
0.001	0.001	0.997	0.001
0.001	0.997	0.001	0.001
0.001	0.001	0.001	0.997
0.001	0.997	0.001	0.001
0.001	0.001	0.997	0.001
0.001	0.001	0.997	0.001
0.001	0.817	0.181	0.001
>CAATTCTGAC	18-CAATTCTGAC	10.406696	-9.976611	0	T:26.0(3.74%),B:216.7(1.49%),P:1e-4	Tpos:883.9,Tstd:414.4,Bpos:849.9,Bstd:503.5,StrandBias:-0.7,Multiplicity:1.54
0.001	0.997	0.001	0.001
0.975	0.001	0.023	0.001
0.997	0.001	0.001	0.001
0.129	0.001	0.001	0.869
0.078	0.001	0.001	0.920
0.001	0.997	0.001	0.001
0.001	0.055	0.045	0.899
0.001	0.001	0.997	0.001
0.913	0.001	0.001	0.085
0.001	0.997	0.001	0.001
>TTAATATTAT	19-TTAATATTAT	10.353316	-9.961475	0	T:90.0(12.93%),B:1216.9(8.37%),P:1e-4	Tpos:781.1,Tstd:426.4,Bpos:838.6,Bstd:473.1,StrandBias:0.9,Multiplicity:1.32
0.001	0.001	0.001	0.997
0.001	0.001	0.001	0.997
0.997	0.001	0.001	0.001
0.905	0.093	0.001	0.001
0.001	0.001	0.001	0.997
0.997	0.001	0.001	0.001
0.001	0.001	0.001	0.997
0.270	0.071	0.001	0.658
0.873	0.001	0.125	0.001
0.001	0.001	0.001	0.997
>CTCAGGTCAT	20-CTCAGGTCAT	10.296193	-9.071074	0	T:8.0(1.15%),B:26.2(0.18%),P:1e-3	Tpos:826.4,Tstd:384.5,Bpos:803.2,Bstd:488.8,StrandBias:2.7,Multiplicity:4.62
0.100	0.700	0.100	0.100
0.100	0.100	0.100	0.700
0.100	0.700	0.100	0.100
0.700	0.100	0.100	0.100
0.100	0.100	0.700	0.100
0.100	0.100	0.700	0.100
0.100	0.100	0.100	0.700
0.100	0.700	0.100	0.100
0.700	0.100	0.100	0.100
0.100	0.100	0.100	0.700
>GTAGTGTTGT	21-GTAGTGTTGT	11.494666	-8.748324	0	T:12.0(1.72%),B:64.2(0.44%),P:1e-3	Tpos:899.9,Tstd:469.0,Bpos:999.3,Bstd:483.5,StrandBias:1.2,Multiplicity:2.17
0.001	0.001	0.997	0.001
0.001	0.001	0.001	0.997
0.997	0.001	0.001	0.001
0.001	0.001	0.997	0.001
0.001	0.001	0.126	0.872
0.001	0.001	0.997	0.001
0.001	0.001	0.001	0.997
0.001	0.110	0.001	0.888
0.001	0.001	0.997	0.001
0.001	0.001	0.001	0.997
>CTGTAGTATT	22-CTGTAGTATT	13.583587	-7.678048	0	T:12.0(1.72%),B:73.3(0.50%),P:1e-3	Tpos:748.2,Tstd:468.7,Bpos:899.4,Bstd:434.4,StrandBias:2.1,Multiplicity:3.45
0.001	0.997	0.001	0.001
0.001	0.001	0.001	0.997
0.001	0.001	0.997	0.001
0.001	0.001	0.001	0.997
0.997	0.001	0.001	0.001
0.001	0.001	0.997	0.001
0.001	0.001	0.001	0.997
0.777	0.001	0.221	0.001
0.001	0.001	0.001	0.997
0.001	0.001	0.001	0.997
>CACTGATCTA	23-CACTGATCTA	10.325854	-5.855901	0	T:29.0(4.17%),B:337.9(2.32%),P:1e-2	Tpos:904.0,Tstd:378.3,Bpos:941.9,Bstd:477.7,StrandBias:2.0,Multiplicity:1.81
0.001	0.997	0.001	0.001
0.846	0.001	0.067	0.086
0.001	0.997	0.001	0.001
0.001	0.001	0.001	0.997
0.001	0.001	0.837	0.161
0.746	0.001	0.001	0.252
0.001	0.001	0.001	0.997
0.001	0.869	0.001	0.129
0.001	0.001	0.001	0.997
0.633	0.001	0.001	0.365
>AGTCACTTGC	24-AGTCACTTGC	10.296193	-2.931215	0	T:3.0(0.43%),B:16.6(0.11%),P:1e-1	Tpos:793.8,Tstd:394.8,Bpos:966.5,Bstd:473.8,StrandBias:3.2,Multiplicity:3.33
0.700	0.100	0.100	0.100
0.100	0.100	0.700	0.100
0.100	0.100	0.100	0.700
0.100	0.700	0.100	0.100
0.700	0.100	0.100	0.100
0.100	0.700	0.100	0.100
0.100	0.100	0.100	0.700
0.100	0.100	0.100	0.700
0.100	0.100	0.700	0.100
0.100	0.700	0.100	0.100
>CTATAGATGA	25-CTATAGATGA	6.404373	-1.926666	0	T:446.0(64.08%),B:9017.5(62.02%),P:1e0	Tpos:904.3,Tstd:474.7,Bpos:913.5,Bstd:491.9,StrandBias:-0.0,Multiplicity:1.85
0.100	0.700	0.100	0.100
0.100	0.100	0.100	0.700
0.700	0.100	0.100	0.100
0.100	0.100	0.100	0.700
0.700	0.100	0.100	0.100
0.100	0.100	0.700	0.100
0.700	0.100	0.100	0.100
0.100	0.100	0.100	0.700
0.100	0.100	0.700	0.100
0.700	0.100	0.100	0.100
>ACTGTGTCATAC	1-ACTGTGTCATAC	13.189924	-26.700788	0	T:13.0(1.87%),B:10.6(0.07%),P:1e-11	Tpos:1215.5,Tstd:427.7,Bpos:705.9,Bstd:595.3,StrandBias:1.2,Multiplicity:1.00
0.928	0.001	0.001	0.070
0.107	0.822	0.001	0.070
0.001	0.001	0.001	0.997
0.106	0.001	0.892	0.001
0.107	0.107	0.001	0.785
0.001	0.001	0.950	0.048
0.001	0.001	0.001	0.997
0.001	0.997	0.001	0.001
0.892	0.001	0.001	0.106
0.001	0.001	0.001	0.997
0.915	0.001	0.001	0.083
0.083	0.915	0.001	0.001
>TAAATATATCAT	2-TAAATATATCAT	11.830750	-22.109245	0	T:39.0(5.60%),B:235.1(1.62%),P:1e-9	Tpos:800.9,Tstd:456.5,Bpos:803.0,Bstd:427.3,StrandBias:0.4,Multiplicity:1.05
0.066	0.026	0.050	0.858
0.910	0.001	0.039	0.050
0.942	0.030	0.001	0.027
0.783	0.001	0.068	0.148
0.017	0.001	0.001	0.981
0.887	0.044	0.001	0.068
0.001	0.001	0.001	0.997
0.956	0.032	0.001	0.011
0.012	0.030	0.022	0.936
0.078	0.861	0.046	0.015
0.945	0.032	0.001	0.022
0.001	0.025	0.016	0.958
>CCCCCCTCCTCC	3-CCCCCCTCCTCC	10.645264	-21.501823	0	T:24.0(3.45%),B:93.6(0.64%),P:1e-9	Tpos:1219.2,Tstd:348.5,Bpos:1259.8,Bstd:355.1,StrandBias:0.4,Multiplicity:1.04
0.047	0.639	0.024	0.290
0.038	0.681	0.211	0.070
0.170	0.634	0.174	0.022
0.052	0.662	0.154	0.132
0.017	0.709	0.225	0.049
0.055	0.810	0.121	0.014
0.019	0.059	0.115	0.807
0.012	0.691	0.094	0.203
0.043	0.883	0.024	0.050
0.162	0.047	0.019	0.772
0.124	0.701	0.022	0.153
0.217	0.719	0.012	0.052
>AAGAGCAGCTTT	4-AAGAGCAGCTTT	12.280079	-21.135688	0	T:24.0(3.45%),B:95.3(0.66%),P:1e-9	Tpos:1084.0,Tstd:455.7,Bpos:1012.0,Bstd:491.1,StrandBias:-0.3,Multiplicity:1.12
0.890	0.040	0.001	0.069
0.941	0.057	0.001	0.001
0.206	0.030	0.763	0.001
0.959	0.001	0.001	0.039
0.050	0.001	0.913	0.036
0.001	0.905	0.050	0.044
0.997	0.001	0.001	0.001
0.001	0.068	0.930	0.001
0.036	0.937	0.001	0.026
0.044	0.069	0.001	0.886
0.001	0.035	0.001	0.963
0.057	0.001	0.001	0.941
>ATTAGACTGAAA	5-ATTAGACTGAAA	11.768628	-20.881410	0	T:29.0(4.17%),B:142.6(0.98%),P:1e-9	Tpos:974.0,Tstd:396.8,Bpos:882.9,Bstd:464.0,StrandBias:-0.9,Multiplicity:1.21
0.997	0.001	0.001	0.001
0.056	0.001	0.164	0.779
0.192	0.001	0.181	0.626
0.997	0.001	0.001	0.001
0.046	0.001	0.952	0.001
0.997	0.001	0.001	0.001
0.001	0.964	0.034	0.001
0.192	0.001	0.001	0.806
0.001	0.034	0.964	0.001
0.800	0.198	0.001	0.001
0.794	0.204	0.001	0.001
0.997	0.001	0.001	0.001
>ACTTTTTGTCTA	6-ACTTTTTGTCTA	11.175078	-20.656883	0	T:28.0(4.02%),B:134.4(0.92%),P:1e-8	Tpos:851.7,Tstd:427.3,Bpos:893.3,Bstd:469.4,StrandBias:0.1,Multiplicity:1.04
0.879	0.057	0.063	0.001
0.108	0.812	0.079	0.001
0.001	0.001	0.001	0.997
0.091	0.001	0.108	0.800
0.001	0.001	0.001	0.997
0.090	0.001	0.001	0.908
0.090	0.001	0.001	0.908
0.001	0.001	0.913	0.085
0.107	0.001	0.001	0.891
0.033	0.894	0.001	0.072
0.001	0.001	0.001	0.997
0.997	0.001	0.001	0.001
>TGAATAATCATT	7-TGAATAATCATT	12.548947	-19.809158	0	T:17.0(2.44%),B:47.4(0.33%),P:1e-8	Tpos:787.7,Tstd:370.8,Bpos:1053.6,Bstd:461.0,StrandBias:0.3,Multiplicity:1.47
0.001	0.001	0.001	0.997
0.001	0.001	0.997	0.001
0.978	0.001	0.001	0.020
0.622	0.096	0.123	0.159
0.001	0.001	0.001	0.997
0.842	0.147	0.001	0.010
0.936	0.001	0.001	0.062
0.001	0.177	0.311	0.511
0.001	0.997	0.001	0.001
0.997	0.001	0.001	0.001
0.001	0.001	0.001	0.997
0.001	0.096	0.246	0.657
>CGCTAGACAAGC	8-CGCTAGACAAGC	13.481429	-19.743515	0	T:8.0(1.15%),B:3.1(0.02%),P:1e-8	Tpos:1240.5,Tstd:449.0,Bpos:1315.6,Bstd:358.6,StrandBias:0.7,Multiplicity:1.00
0.001	0.997	0.001	0.001
0.001	0.001	0.867	0.131
0.131	0.867	0.001	0.001
0.001	0.001	0.001	0.997
0.867	0.001	0.001	0.131
0.001	0.131	0.867	0.001
0.997	0.001	0.001	0.001
0.001	0.997	0.001	0.001
0.997	0.001	0.001	0.001
0.867	0.131	0.001	0.001
0.001	0.102	0.896	0.001
0.001	0.867	0.131	0.001
>TCATTATTGTCT	9-TCATTATTGTCT	11.826474	-18.354759	0	T:26.0(3.74%),B:131.4(0.90%),P:1e-7	Tpos:882.1,Tstd:471.0,Bpos:867.3,Bstd:483.6,StrandBias:-0.1,Multiplicity:1.04
0.001	0.068	0.052	0.879
0.001	0.973	0.001	0.025
0.971	0.001	0.001	0.027
0.001	0.001	0.052	0.946
0.001	0.080	0.001	0.918
0.895	0.081	0.001	0.023
0.001	0.080	0.001	0.918
0.001	0.080	0.001	0.918
0.001	0.052	0.896	0.051
0.001	0.001	0.046	0.952
0.028	0.950	0.001	0.021
0.001	0.081	0.081	0.837
>AGGAATTGATTG	10-AGGAATTGATTG	12.349418	-17.582697	0	T:14.0(2.01%),B:35.0(0.24%),P:1e-7	Tpos:807.4,Tstd:379.8,Bpos:1026.4,Bstd:447.2,StrandBias:-0.3,Multiplicity:1.29
0.997	0.001	0.001	0.001
0.182	0.001	0.816	0.001
0.001	0.183	0.713	0.103
0.578	0.001	0.014	0.407
0.997	0.001	0.001	0.001
0.210	0.001	0.001	0.788
0.015	0.001	0.001	0.983
0.001	0.001	0.997	0.001
0.997	0.001	0.001	0.001
0.001	0.017	0.319	0.663
0.001	0.001	0.068	0.930
0.001	0.001	0.997	0.001
>GAGGAAAGCTTT	11-GAGGAAAGCTTT	10.939783	-15.973844	0	T:14.0(2.01%),B:41.2(0.28%),P:1e-6	Tpos:1097.5,Tstd:427.1,Bpos:1140.0,Bstd:494.5,StrandBias:1.4,Multiplicity:1.57
0.001	0.076	0.922	0.001
0.934	0.001	0.064	0.001
0.001	0.001	0.997	0.001
0.064	0.001	0.934	0.001
0.901	0.001	0.001	0.097
0.922	0.056	0.021	0.001
0.873	0.050	0.076	0.001
0.001	0.001	0.922	0.076
0.001	0.922	0.076	0.001
0.001	0.001	0.097	0.901
0.076	0.001	0.001	0.922
0.001	0.076	0.076	0.847
>GGAAGCTTTTGA	12-GGAAGCTTTTGA	13.232985	-15.728899	0	T:9.0(1.29%),B:12.6(0.09%),P:1e-6	Tpos:682.1,Tstd:519.1,Bpos:882.5,Bstd:564.6,StrandBias:1.5,Multiplicity:1.67
0.001	0.099	0.899	0.001
0.001	0.107	0.826	0.066
0.997	0.001	0.001	0.001
0.997	0.001	0.001	0.001
0.001	0.001	0.833	0.165
0.001	0.997	0.001	0.001
0.001	0.001	0.057	0.941
0.001	0.001	0.099	0.899
0.001	0.001	0.001	0.997
0.001	0.099	0.001	0.899
0.001	0.001	0.997	0.001
0.899	0.001	0.001	0.099
>CTTTCTGGAAAA	13-CTTTCTGGAAAA	13.224147	-13.230408	0	T:10.0(1.44%),B:24.9(0.17%),P:1e-5	Tpos:886.0,Tstd:474.8,Bpos:1038.2,Bstd:510.9,StrandBias:-1.5,Multiplicity:1.50
0.001	0.997	0.001	0.001
0.001	0.001	0.001	0.997
0.001	0.001	0.001	0.997
0.001	0.116	0.001	0.882
0.001	0.997	0.001	0.001
0.001	0.001	0.001	0.997
0.038	0.221	0.740	0.001
0.001	0.001	0.997	0.001
0.997	0.001	0.001	0.001
0.692	0.001	0.001	0.306
0.740	0.038	0.221	0.001
0.423	0.186	0.228	0.162
>GATAACCTSAGG	14-GATAACCTSAGG	11.077407	-10.828097	0	T:12.0(1.72%),B:50.7(0.35%),P:1e-4	Tpos:825.6,Tstd:376.7,Bpos:880.6,Bstd:542.1,StrandBias:0.0,Multiplicity:3.42
0.001	0.001	0.856	0.142
0.537	0.212	0.001	0.250
0.001	0.141	0.001	0.857
0.588	0.001	0.270	0.141
0.873	0.001	0.001	0.125
0.046	0.952	0.001	0.001
0.110	0.888	0.001	0.001
0.001	0.001	0.001	0.997
0.001	0.485	0.513	0.001
0.888	0.001	0.001	0.110
0.001	0.070	0.928	0.001
0.070	0.001	0.928	0.001
>TTTAGCACATAT	15-TTTAGCACATAT	14.458194	-10.530358	0	T:7.0(1.01%),B:14.3(0.10%),P:1e-4	Tpos:573.5,Tstd:327.4,Bpos:773.2,Bstd:533.6,StrandBias:-1.4,Multiplicity:1.57
0.001	0.001	0.001	0.997
0.001	0.001	0.001	0.997
0.001	0.001	0.001	0.997
0.852	0.001	0.146	0.001
0.001	0.001	0.800	0.198
0.001	0.997	0.001	0.001
0.997	0.001	0.001	0.001
0.001	0.997	0.001	0.001
0.997	0.001	0.001	0.001
0.001	0.001	0.001	0.997
0.997	0.001	0.001	0.001
0.001	0.001	0.001	0.997
>GAACTGTTTATG	16-GAACTGTTTATG	12.441037	-9.810003	0	T:13.0(1.87%),B:66.5(0.46%),P:1e-4	Tpos:772.5,Tstd:374.7,Bpos:875.0,Bstd:543.0,StrandBias:1.9,Multiplicity:1.46
0.069	0.001	0.824	0.106
0.912	0.001	0.001	0.086
0.912	0.001	0.086	0.001
0.063	0.731	0.100	0.106
0.001	0.001	0.001	0.997
0.362	0.001	0.636	0.001
0.001	0.001	0.001	0.997
0.118	0.001	0.001	0.880
0.001	0.001	0.001	0.997
0.847	0.001	0.151	0.001
0.001	0.001	0.147	0.851
0.099	0.001	0.899	0.001
>AATGATTCATTC	17-AATGATTCATTC	13.189524	-8.691025	0	T:10.0(1.44%),B:45.6(0.31%),P:1e-3	Tpos:664.9,Tstd:497.8,Bpos:1018.8,Bstd:459.3,StrandBias:1.6,Multiplicity:1.90
0.997	0.001	0.001	0.001
0.946	0.052	0.001	0.001
0.001	0.001	0.001	0.997
0.001	0.089	0.909	0.001
0.997	0.001	0.001	0.001
0.001	0.059	0.101	0.839
0.001	0.001	0.100	0.898
0.001	0.914	0.084	0.001
0.997	0.001	0.001	0.001
0.001	0.001	0.001	0.997
0.001	0.001	0.001	0.997
0.001	0.997	0.001	0.001
>GATTTAGTAATA	18-GATTTAGTAATA	13.625936	-8.052594	0	T:8.0(1.15%),B:31.4(0.22%),P:1e-3	Tpos:838.0,Tstd:394.7,Bpos:846.0,Bstd:485.1,StrandBias:3.9,Multiplicity:3.88
0.001	0.389	0.609	0.001
0.997	0.001	0.001	0.001
0.036	0.076	0.001	0.887
0.001	0.001	0.155	0.843
0.048	0.001	0.001	0.950
0.997	0.001	0.001	0.001
0.001	0.001	0.789	0.209
0.001	0.001	0.001	0.997
0.997	0.001	0.001	0.001
0.923	0.075	0.001	0.001
0.001	0.389	0.001	0.609
0.982	0.001	0.016	0.001
>GATTATCAGCAT	19-GATTATCAGCAT	14.349308	-6.370299	0	T:3.0(0.43%),B:3.9(0.03%),P:1e-2	Tpos:664.6,Tstd:415.4,Bpos:627.9,Bstd:444.5,StrandBias:2.8,Multiplicity:2.67
0.001	0.001	0.997	0.001
0.997	0.001	0.001	0.001
0.001	0.001	0.160	0.838
0.001	0.001	0.001	0.997
0.997	0.001	0.001	0.001
0.001	0.001	0.001	0.997
0.001	0.997	0.001	0.001
0.997	0.001	0.001	0.001
0.001	0.001	0.997	0.001
0.001	0.997	0.001	0.001
0.997	0.001	0.001	0.001
0.001	0.001	0.125	0.873
>TAACCTCAGGTC	20-TAACCTCAGGTC	15.069630	-6.173374	0	T:2.0(0.29%),B:0.9(0.01%),P:1e-2	Tpos:801.0,Tstd:233.9,Bpos:923.0,Bstd:0.0,StrandBias:10.0,Multiplicity:2.50
0.001	0.001	0.001	0.997
0.997	0.001	0.001	0.001
0.997	0.001	0.001	0.001
0.001	0.874	0.001	0.124
0.001	0.997	0.001	0.001
0.374	0.001	0.001	0.624
0.001	0.997	0.001	0.001
0.749	0.001	0.125	0.125
0.001	0.001	0.874	0.124
0.001	0.001	0.997	0.001
0.001	0.001	0.001	0.997
0.001	0.997	0.001	0.001
>AGTCAGAATTGC	21-AGTCAGAATTGC	12.644203	-5.483735	0	T:8.0(1.15%),B:49.9(0.34%),P:1e-2	Tpos:695.0,Tstd:377.3,Bpos:582.9,Bstd:416.5,StrandBias:1.0,Multiplicity:3.38
0.918	0.001	0.080	0.001
0.001	0.001	0.997	0.001
0.001	0.062	0.001	0.936
0.001	0.997	0.001	0.001
0.997	0.001	0.001	0.001
0.001	0.001	0.997	0.001
0.936	0.001	0.001	0.062
0.946	0.052	0.001	0.001
0.062	0.001	0.001	0.936
0.001	0.063	0.081	0.855
0.037	0.108	0.723	0.132
0.001	0.830	0.001	0.168
>AATCATTTGAGT	22-AATCATTTGAGT	13.781561	-5.325720	0	T:5.0(0.72%),B:20.2(0.14%),P:1e-2	Tpos:743.6,Tstd:449.8,Bpos:829.0,Bstd:425.7,StrandBias:2.5,Multiplicity:2.60
0.997	0.001	0.001	0.001
0.997	0.001	0.001	0.001
0.001	0.001	0.001	0.997
0.001	0.997	0.001	0.001
0.914	0.001	0.001	0.084
0.001	0.128	0.100	0.771
0.001	0.001	0.001	0.997
0.001	0.001	0.001	0.997
0.001	0.001	0.997	0.001
0.997	0.001	0.001	0.001
0.001	0.084	0.914	0.001
0.001	0.001	0.001	0.997
>GATGACTGTAGT	23-GATGACTGTAGT	6.517702	-4.577549	0	T:448.0(64.37%),B:8711.3(59.92%),P:1e-1	Tpos:954.3,Tstd:490.3,Bpos:971.4,Bstd:503.3,StrandBias:0.2,Multiplicity:1.72
0.100	0.100	0.700	0.100
0.700	0.100	0.100	0.100
0.100	0.100	0.100	0.700
0.100	0.100	0.700	0.100
0.700	0.100	0.100	0.100
0.100	0.700	0.100	0.100
0.100	0.100	0.100	0.700
0.100	0.100	0.700	0.100
0.100	0.100	0.100	0.700
0.700	0.100	0.100	0.100
0.100	0.100	0.700	0.100
0.100	0.100	0.100	0.700
>GTCACTTGCTGT	24-GTCACTTGCTGT	14.361755	-4.443181	0	T:2.0(0.29%),B:2.4(0.02%),P:1e-1	Tpos:734.0,Tstd:370.8,Bpos:808.7,Bstd:635.4,StrandBias:10.0,Multiplicity:4.00
0.001	0.001	0.997	0.001
0.001	0.001	0.001	0.997
0.001	0.997	0.001	0.001
0.997	0.001	0.001	0.001
0.138	0.860	0.001	0.001
0.001	0.001	0.001	0.997
0.001	0.001	0.001	0.997
0.001	0.001	0.997	0.001
0.001	0.997	0.001	0.001
0.001	0.001	0.107	0.891
0.001	0.001	0.997	0.001
0.001	0.138	0.001	0.860
>TGTTATTCACTA	25-TGTTATTCACTA	12.355432	-1.567780	0	T:1.0(0.14%),B:4.6(0.03%),P:1e0	Tpos:646.5,Tstd:403.2,Bpos:1217.2,Bstd:288.7,StrandBias:10.0,Multiplicity:37.00
0.100	0.100	0.100	0.700
0.100	0.100	0.700	0.100
0.100	0.100	0.100	0.700
0.100	0.100	0.100	0.700
0.700	0.100	0.100	0.100
0.100	0.100	0.100	0.700
0.100	0.100	0.100	0.700
0.100	0.700	0.100	0.100
0.700	0.100	0.100	0.100
0.100	0.700	0.100	0.100
0.100	0.100	0.100	0.700
0.700	0.100	0.100	0.100
>GCTAGGGC	1-GCTAGGGC	6.691744	-19.211898	0	T:107.0(15.37%),B:1228.8(8.45%),P:1e-8	Tpos:1114.3,Tstd:488.8,Bpos:1112.6,Bstd:513.7,StrandBias:-0.1,Multiplicity:1.07
0.001	0.047	0.951	0.001
0.037	0.920	0.025	0.018
0.031	0.001	0.083	0.885
0.788	0.077	0.086	0.049
0.117	0.001	0.881	0.001
0.028	0.056	0.876	0.040
0.031	0.001	0.967	0.001
0.194	0.728	0.027	0.051
>TTCCCCCC	2-TTCCCCCC	7.179675	-15.604987	0	T:192.0(27.59%),B:2809.1(19.32%),P:1e-6	Tpos:1077.5,Tstd:457.7,Bpos:1040.1,Bstd:500.8,StrandBias:0.0,Multiplicity:1.17
0.031	0.147	0.001	0.821
0.001	0.001	0.001	0.997
0.083	0.692	0.057	0.168
0.041	0.957	0.001	0.001
0.051	0.812	0.001	0.136
0.001	0.935	0.063	0.001
0.058	0.940	0.001	0.001
0.054	0.839	0.001	0.106
>ACAGCCTG	3-ACAGCCTG	9.263914	-14.102711	0	T:75.0(10.78%),B:849.6(5.84%),P:1e-6	Tpos:1086.4,Tstd:505.3,Bpos:1109.8,Bstd:503.0,StrandBias:0.3,Multiplicity:1.07
0.666	0.118	0.215	0.001
0.001	0.997	0.001	0.001
0.997	0.001	0.001	0.001
0.001	0.080	0.918	0.001
0.001	0.828	0.170	0.001
0.001	0.997	0.001	0.001
0.001	0.001	0.001	0.997
0.001	0.001	0.997	0.001
>TTGGTCGA	4-TTGGTCGA	5.579897	-13.186266	0	T:332.0(47.70%),B:5639.5(38.79%),P:1e-5	Tpos:1113.5,Tstd:494.8,Bpos:1131.2,Bstd:501.6,StrandBias:0.1,Multiplicity:1.50
0.210	0.133	0.086	0.571
0.138	0.067	0.126	0.669
0.171	0.018	0.656	0.155
0.001	0.167	0.746	0.086
0.001	0.047	0.177	0.775
0.039	0.959	0.001	0.001
0.003	0.019	0.928	0.050
0.715	0.169	0.069	0.047
>ATTCTGAC	5-ATTCTGAC	8.073596	-12.075708	0	T:159.0(22.84%),B:2354.5(16.19%),P:1e-5	Tpos:803.8,Tstd:481.5,Bpos:902.9,Bstd:509.8,StrandBias:0.0,Multiplicity:1.38
0.997	0.001	0.001	0.001
0.282	0.001	0.001	0.716
0.001	0.001	0.001	0.997
0.001	0.997	0.001	0.001
0.001	0.058	0.001	0.940
0.001	0.138	0.860	0.001
0.908	0.090	0.001	0.001
0.001	0.904	0.094	0.001
>ATGCCGAG	6-ATGCCGAG	9.459884	-11.736829	0	T:31.0(4.45%),B:256.2(1.76%),P:1e-5	Tpos:1187.0,Tstd:518.6,Bpos:1204.0,Bstd:496.1,StrandBias:-0.1,Multiplicity:1.00
0.798	0.200	0.001	0.001
0.001	0.001	0.001	0.997
0.001	0.001	0.997	0.001
0.001	0.997	0.001	0.001
0.001	0.997	0.001	0.001
0.001	0.001	0.997	0.001
0.997	0.001	0.001	0.001
0.001	0.001	0.997	0.001
>AGCGMCRS	7-AGCGMCRS	6.803764	-11.080404	0	T:288.0(41.38%),B:4877.4(33.55%),P:1e-4	Tpos:1264.7,Tstd:412.8,Bpos:1261.7,Bstd:442.5,StrandBias:-0.2,Multiplicity:1.44
0.584	0.414	0.001	0.001
0.320	0.001	0.678	0.001
0.001	0.997	0.001	0.001
0.001	0.001	0.997	0.001
0.471	0.527	0.001	0.001
0.001	0.997	0.001	0.001
0.311	0.259	0.415	0.015
0.001	0.544	0.454	0.001
>ASCGCTTA	8-ASCGCTTA	9.512813	-9.546224	0	T:49.0(7.04%),B:556.4(3.83%),P:1e-4	Tpos:1204.5,Tstd:416.2,Bpos:1177.7,Bstd:480.6,StrandBias:0.1,Multiplicity:1.04
0.602	0.001	0.001	0.396
0.001	0.442	0.556	0.001
0.001	0.952	0.001	0.046
0.001	0.001	0.997	0.001
0.001	0.997	0.001	0.001
0.001	0.001	0.001	0.997
0.001	0.001	0.001	0.997
0.997	0.001	0.001	0.001
>GAGGTTAA	9-GAGGTTAA	9.573213	-4.039387	0	T:60.0(8.62%),B:939.9(6.46%),P:1e-1	Tpos:852.2,Tstd:457.4,Bpos:929.2,Bstd:485.3,StrandBias:-1.3,Multiplicity:1.65
0.001	0.001	0.997	0.001
0.774	0.001	0.001	0.224
0.001	0.001	0.997	0.001
0.001	0.001	0.997	0.001
0.001	0.001	0.001	0.997
0.001	0.001	0.001	0.997
0.997	0.001	0.001	0.001
0.997	0.001	0.001	0.001
>TTATTCAC	10-TTATTCAC	8.236954	-3.711030	0	T:67.0(9.63%),B:1087.2(7.48%),P:1e-1	Tpos:845.2,Tstd:444.8,Bpos:891.0,Bstd:501.1,StrandBias:1.3,Multiplicity:1.61
0.100	0.100	0.100	0.700
0.100	0.100	0.100	0.700
0.700	0.100	0.100	0.100
0.100	0.100	0.100	0.700
0.100	0.100	0.100	0.700
0.100	0.700	0.100	0.100
0.700	0.100	0.100	0.100
0.100	0.700	0.100	0.100
>TGTAGTAT	11-TGTAGTAT	8.236954	-3.606319	0	T:45.0(6.47%),B:689.6(4.74%),P:1e-1	Tpos:818.8,Tstd:473.0,Bpos:888.2,Bstd:462.4,StrandBias:1.2,Multiplicity:1.76
0.100	0.100	0.100	0.700
0.100	0.100	0.700	0.100
0.100	0.100	0.100	0.700
0.700	0.100	0.100	0.100
0.100	0.100	0.700	0.100
0.100	0.100	0.100	0.700
0.700	0.100	0.100	0.100
0.100	0.100	0.100	0.700
>GATGACCT	12-GATGACCT	8.236954	-3.270659	0	T:20.0(2.87%),B:265.2(1.82%),P:1e-1	Tpos:781.6,Tstd:383.8,Bpos:976.3,Bstd:511.1,StrandBias:-1.5,Multiplicity:2.55
0.100	0.100	0.700	0.100
0.700	0.100	0.100	0.100
0.100	0.100	0.100	0.700
0.100	0.100	0.700	0.100
0.700	0.100	0.100	0.100
0.100	0.700	0.100	0.100
0.100	0.700	0.100	0.100
0.100	0.100	0.100	0.700
>TAGATGAC	13-TAGATGAC	8.236954	-1.827610	0	T:23.0(3.30%),B:380.1(2.61%),P:1e0	Tpos:790.0,Tstd:454.8,Bpos:917.9,Bstd:478.3,StrandBias:2.3,Multiplicity:2.86
0.100	0.100	0.100	0.700
0.700	0.100	0.100	0.100
0.100	0.100	0.700	0.100
0.700	0.100	0.100	0.100
0.100	0.100	0.100	0.700
0.100	0.100	0.700	0.100
0.700	0.100	0.100	0.100
0.100	0.700	0.100	0.100
