>GCTAGGGC	1-GCTAGGGC	6.691744	-19.211898	0	T:107.0(15.37%),B:1228.8(8.45%),P:1e-8	Tpos:1114.3,Tstd:488.8,Bpos:1112.6,Bstd:513.7,StrandBias:-0.1,Multiplicity:1.07
0.001	0.047	0.951	0.001
0.037	0.920	0.025	0.018
0.031	0.001	0.083	0.885
0.788	0.077	0.086	0.049
0.117	0.001	0.881	0.001
0.028	0.056	0.876	0.040
0.031	0.001	0.967	0.001
0.194	0.728	0.027	0.051
>TTCCCCCC	2-TTCCCCCC	7.179675	-15.604987	0	T:192.0(27.59%),B:2809.1(19.32%),P:1e-6	Tpos:1077.5,Tstd:457.7,Bpos:1040.1,Bstd:500.8,StrandBias:0.0,Multiplicity:1.17
0.031	0.147	0.001	0.821
0.001	0.001	0.001	0.997
0.083	0.692	0.057	0.168
0.041	0.957	0.001	0.001
0.051	0.812	0.001	0.136
0.001	0.935	0.063	0.001
0.058	0.940	0.001	0.001
0.054	0.839	0.001	0.106
>ACAGCCTG	3-ACAGCCTG	9.263914	-14.102711	0	T:75.0(10.78%),B:849.6(5.84%),P:1e-6	Tpos:1086.4,Tstd:505.3,Bpos:1109.8,Bstd:503.0,StrandBias:0.3,Multiplicity:1.07
0.666	0.118	0.215	0.001
0.001	0.997	0.001	0.001
0.997	0.001	0.001	0.001
0.001	0.080	0.918	0.001
0.001	0.828	0.170	0.001
0.001	0.997	0.001	0.001
0.001	0.001	0.001	0.997
0.001	0.001	0.997	0.001
>TTGGTCGA	4-TTGGTCGA	5.579897	-13.186266	0	T:332.0(47.70%),B:5639.5(38.79%),P:1e-5	Tpos:1113.5,Tstd:494.8,Bpos:1131.2,Bstd:501.6,StrandBias:0.1,Multiplicity:1.50
0.210	0.133	0.086	0.571
0.138	0.067	0.126	0.669
0.171	0.018	0.656	0.155
0.001	0.167	0.746	0.086
0.001	0.047	0.177	0.775
0.039	0.959	0.001	0.001
0.003	0.019	0.928	0.050
0.715	0.169	0.069	0.047
>ATTCTGAC	5-ATTCTGAC	8.073596	-12.075708	0	T:159.0(22.84%),B:2354.5(16.19%),P:1e-5	Tpos:803.8,Tstd:481.5,Bpos:902.9,Bstd:509.8,StrandBias:0.0,Multiplicity:1.38
0.997	0.001	0.001	0.001
0.282	0.001	0.001	0.716
0.001	0.001	0.001	0.997
0.001	0.997	0.001	0.001
0.001	0.058	0.001	0.940
0.001	0.138	0.860	0.001
0.908	0.090	0.001	0.001
0.001	0.904	0.094	0.001
>ATGCCGAG	6-ATGCCGAG	9.459884	-11.736829	0	T:31.0(4.45%),B:256.2(1.76%),P:1e-5	Tpos:1187.0,Tstd:518.6,Bpos:1204.0,Bstd:496.1,StrandBias:-0.1,Multiplicity:1.00
0.798	0.200	0.001	0.001
0.001	0.001	0.001	0.997
0.001	0.001	0.997	0.001
0.001	0.997	0.001	0.001
0.001	0.997	0.001	0.001
0.001	0.001	0.997	0.001
0.997	0.001	0.001	0.001
0.001	0.001	0.997	0.001
>AGCGMCRS	7-AGCGMCRS	6.803764	-11.080404	0	T:288.0(41.38%),B:4877.4(33.55%),P:1e-4	Tpos:1264.7,Tstd:412.8,Bpos:1261.7,Bstd:442.5,StrandBias:-0.2,Multiplicity:1.44
0.584	0.414	0.001	0.001
0.320	0.001	0.678	0.001
0.001	0.997	0.001	0.001
0.001	0.001	0.997	0.001
0.471	0.527	0.001	0.001
0.001	0.997	0.001	0.001
0.311	0.259	0.415	0.015
0.001	0.544	0.454	0.001
>ASCGCTTA	8-ASCGCTTA	9.512813	-9.546224	0	T:49.0(7.04%),B:556.4(3.83%),P:1e-4	Tpos:1204.5,Tstd:416.2,Bpos:1177.7,Bstd:480.6,StrandBias:0.1,Multiplicity:1.04
0.602	0.001	0.001	0.396
0.001	0.442	0.556	0.001
0.001	0.952	0.001	0.046
0.001	0.001	0.997	0.001
0.001	0.997	0.001	0.001
0.001	0.001	0.001	0.997
0.001	0.001	0.001	0.997
0.997	0.001	0.001	0.001
>GAGGTTAA	9-GAGGTTAA	9.573213	-4.039387	0	T:60.0(8.62%),B:939.9(6.46%),P:1e-1	Tpos:852.2,Tstd:457.4,Bpos:929.2,Bstd:485.3,StrandBias:-1.3,Multiplicity:1.65
0.001	0.001	0.997	0.001
0.774	0.001	0.001	0.224
0.001	0.001	0.997	0.001
0.001	0.001	0.997	0.001
0.001	0.001	0.001	0.997
0.001	0.001	0.001	0.997
0.997	0.001	0.001	0.001
0.997	0.001	0.001	0.001
>TTATTCAC	10-TTATTCAC	8.236954	-3.711030	0	T:67.0(9.63%),B:1087.2(7.48%),P:1e-1	Tpos:845.2,Tstd:444.8,Bpos:891.0,Bstd:501.1,StrandBias:1.3,Multiplicity:1.61
0.100	0.100	0.100	0.700
0.100	0.100	0.100	0.700
0.700	0.100	0.100	0.100
0.100	0.100	0.100	0.700
0.100	0.100	0.100	0.700
0.100	0.700	0.100	0.100
0.700	0.100	0.100	0.100
0.100	0.700	0.100	0.100
>TGTAGTAT	11-TGTAGTAT	8.236954	-3.606319	0	T:45.0(6.47%),B:689.6(4.74%),P:1e-1	Tpos:818.8,Tstd:473.0,Bpos:888.2,Bstd:462.4,StrandBias:1.2,Multiplicity:1.76
0.100	0.100	0.100	0.700
0.100	0.100	0.700	0.100
0.100	0.100	0.100	0.700
0.700	0.100	0.100	0.100
0.100	0.100	0.700	0.100
0.100	0.100	0.100	0.700
0.700	0.100	0.100	0.100
0.100	0.100	0.100	0.700
>GATGACCT	12-GATGACCT	8.236954	-3.270659	0	T:20.0(2.87%),B:265.2(1.82%),P:1e-1	Tpos:781.6,Tstd:383.8,Bpos:976.3,Bstd:511.1,StrandBias:-1.5,Multiplicity:2.55
0.100	0.100	0.700	0.100
0.700	0.100	0.100	0.100
0.100	0.100	0.100	0.700
0.100	0.100	0.700	0.100
0.700	0.100	0.100	0.100
0.100	0.700	0.100	0.100
0.100	0.700	0.100	0.100
0.100	0.100	0.100	0.700
>TAGATGAC	13-TAGATGAC	8.236954	-1.827610	0	T:23.0(3.30%),B:380.1(2.61%),P:1e0	Tpos:790.0,Tstd:454.8,Bpos:917.9,Bstd:478.3,StrandBias:2.3,Multiplicity:2.86
0.100	0.100	0.100	0.700
0.700	0.100	0.100	0.100
0.100	0.100	0.700	0.100
0.700	0.100	0.100	0.100
0.100	0.100	0.100	0.700
0.100	0.100	0.700	0.100
0.700	0.100	0.100	0.100
0.100	0.700	0.100	0.100
