>TGACCTAWGG	1-TGACCTAWGG	9.607021	-25.840414	0	T:35.0(5.03%),B:165.9(1.14%),P:1e-11	Tpos:888.9,Tstd:497.7,Bpos:954.4,Bstd:502.0,StrandBias:0.1,Multiplicity:1.10
0.001	0.079	0.079	0.841
0.001	0.001	0.962	0.036
0.987	0.011	0.001	0.001
0.115	0.842	0.001	0.042
0.001	0.825	0.115	0.059
0.064	0.102	0.079	0.755
0.727	0.001	0.271	0.001
0.427	0.001	0.001	0.571
0.001	0.001	0.997	0.001
0.096	0.001	0.801	0.102
>GCTCGTGGCG	2-GCTCGTGGCG	7.016250	-21.838805	0	T:104.0(14.94%),B:1122.0(7.72%),P:1e-9	Tpos:1320.4,Tstd:365.4,Bpos:1251.7,Bstd:464.9,StrandBias:0.2,Multiplicity:1.11
0.047	0.083	0.829	0.041
0.031	0.848	0.057	0.064
0.102	0.105	0.054	0.739
0.062	0.780	0.057	0.101
0.047	0.107	0.786	0.060
0.117	0.090	0.056	0.737
0.055	0.107	0.766	0.072
0.034	0.033	0.883	0.050
0.078	0.834	0.060	0.028
0.062	0.085	0.807	0.046
>CCCCTTATCC	3-CCCCTTATCC	8.653798	-21.029790	0	T:75.0(10.78%),B:708.0(4.87%),P:1e-9	Tpos:1133.7,Tstd:468.4,Bpos:1128.3,Bstd:484.2,StrandBias:0.5,Multiplicity:1.04
0.006	0.954	0.001	0.039
0.001	0.957	0.001	0.041
0.090	0.559	0.049	0.302
0.028	0.792	0.054	0.126
0.041	0.001	0.001	0.957
0.001	0.029	0.216	0.754
0.640	0.281	0.001	0.078
0.001	0.001	0.001	0.997
0.041	0.957	0.001	0.001
0.200	0.798	0.001	0.001
>ACCGATTCAT	4-ACCGATTCAT	6.652679	-20.514457	0	T:282.0(40.52%),B:4298.7(29.57%),P:1e-8	Tpos:945.2,Tstd:490.7,Bpos:966.8,Bstd:499.3,StrandBias:-0.1,Multiplicity:1.41
0.744	0.115	0.085	0.056
0.050	0.852	0.048	0.050
0.077	0.733	0.065	0.125
0.123	0.054	0.751	0.072
0.845	0.052	0.049	0.054
0.051	0.050	0.082	0.817
0.075	0.072	0.085	0.768
0.035	0.863	0.053	0.049
0.822	0.076	0.045	0.057
0.048	0.057	0.086	0.809
>GCAACTGCTA	5-GCAACTGCTA	7.256360	-19.382447	0	T:118.0(16.95%),B:1400.4(9.63%),P:1e-8	Tpos:953.9,Tstd:502.7,Bpos:965.9,Bstd:516.6,StrandBias:-0.3,Multiplicity:1.15
0.073	0.068	0.760	0.099
0.058	0.801	0.103	0.038
0.885	0.038	0.048	0.029
0.770	0.066	0.084	0.080
0.038	0.753	0.079	0.130
0.021	0.064	0.076	0.839
0.053	0.040	0.825	0.082
0.057	0.818	0.061	0.064
0.038	0.099	0.076	0.787
0.768	0.060	0.083	0.089
>TTTTGACTCT	6-TTTTGACTCT	10.889111	-19.345098	0	T:62.0(8.91%),B:555.4(3.82%),P:1e-8	Tpos:946.7,Tstd:496.9,Bpos:904.9,Bstd:501.6,StrandBias:0.3,Multiplicity:1.10
0.001	0.258	0.001	0.740
0.032	0.001	0.001	0.966
0.001	0.001	0.001	0.997
0.001	0.001	0.001	0.997
0.001	0.310	0.574	0.115
0.997	0.001	0.001	0.001
0.001	0.633	0.365	0.001
0.001	0.001	0.001	0.997
0.001	0.997	0.001	0.001
0.001	0.001	0.001	0.997
>CTCGCTGCAG	7-CTCGCTGCAG	6.838813	-18.847912	0	T:197.0(28.30%),B:2776.3(19.10%),P:1e-8	Tpos:1187.3,Tstd:466.6,Bpos:1198.3,Bstd:485.1,StrandBias:0.2,Multiplicity:1.22
0.055	0.836	0.053	0.056
0.066	0.038	0.108	0.788
0.071	0.794	0.058	0.077
0.042	0.062	0.848	0.048
0.043	0.832	0.067	0.058
0.052	0.065	0.106	0.777
0.038	0.041	0.802	0.119
0.064	0.809	0.085	0.042
0.765	0.064	0.080	0.091
0.101	0.060	0.756	0.083
>ATYCMATTAT	8-ATYCMATTAT	7.170255	-17.144176	0	T:57.0(8.19%),B:522.8(3.60%),P:1e-7	Tpos:794.6,Tstd:495.6,Bpos:816.7,Bstd:469.4,StrandBias:0.0,Multiplicity:1.11
0.605	0.062	0.046	0.287
0.036	0.069	0.361	0.534
0.052	0.408	0.061	0.479
0.037	0.596	0.328	0.039
0.448	0.424	0.058	0.069
0.554	0.069	0.340	0.037
0.017	0.070	0.380	0.533
0.023	0.012	0.397	0.568
0.543	0.092	0.332	0.033
0.135	0.043	0.307	0.515
>GTAAGCTCGC	9-GTAAGCTCGC	9.678314	-16.997315	0	T:21.0(3.02%),B:93.1(0.64%),P:1e-7	Tpos:1174.0,Tstd:469.6,Bpos:1254.2,Bstd:464.6,StrandBias:-0.1,Multiplicity:1.00
0.029	0.001	0.929	0.041
0.001	0.078	0.078	0.843
0.865	0.019	0.087	0.029
0.933	0.065	0.001	0.001
0.049	0.001	0.872	0.078
0.001	0.958	0.001	0.040
0.065	0.001	0.001	0.933
0.001	0.961	0.037	0.001
0.142	0.001	0.856	0.001
0.034	0.900	0.065	0.001
>AAGCTGTGTC	10-AAGCTGTGTC	7.484124	-16.435978	0	T:56.0(8.05%),B:520.2(3.58%),P:1e-7	Tpos:974.2,Tstd:546.0,Bpos:1004.2,Bstd:524.2,StrandBias:0.2,Multiplicity:1.07
0.699	0.163	0.117	0.021
0.479	0.136	0.162	0.223
0.169	0.035	0.689	0.107
0.027	0.859	0.034	0.080
0.034	0.270	0.028	0.668
0.199	0.099	0.555	0.147
0.197	0.210	0.024	0.569
0.185	0.144	0.652	0.019
0.071	0.235	0.231	0.462
0.019	0.579	0.135	0.267
>TTTTCTRGAT	11-TTTTCTRGAT	10.705427	-16.137818	0	T:39.0(5.60%),B:299.9(2.06%),P:1e-7	Tpos:1000.5,Tstd:492.6,Bpos:937.3,Bstd:492.5,StrandBias:0.9,Multiplicity:1.15
0.001	0.145	0.001	0.853
0.001	0.001	0.001	0.997
0.001	0.001	0.001	0.997
0.001	0.001	0.001	0.997
0.001	0.997	0.001	0.001
0.001	0.001	0.087	0.911
0.431	0.046	0.522	0.001
0.001	0.001	0.997	0.001
0.674	0.001	0.324	0.001
0.069	0.001	0.001	0.929
>GACWCCAATG	12-GACWCCAATG	7.751484	-16.048687	0	T:43.0(6.18%),B:351.8(2.42%),P:1e-6	Tpos:991.7,Tstd:540.1,Bpos:1007.0,Bstd:493.7,StrandBias:-0.3,Multiplicity:1.14
0.016	0.216	0.748	0.020
0.715	0.215	0.027	0.043
0.029	0.615	0.164	0.192
0.543	0.012	0.034	0.411
0.012	0.607	0.342	0.039
0.288	0.630	0.062	0.020
0.569	0.025	0.373	0.033
0.604	0.036	0.201	0.159
0.169	0.012	0.192	0.627
0.127	0.183	0.492	0.198
>GAGGTAAADA	13-GAGGTAAADA	8.686358	-15.964438	0	T:168.0(24.14%),B:2361.1(16.24%),P:1e-6	Tpos:960.3,Tstd:481.4,Bpos:961.7,Bstd:513.5,StrandBias:-0.1,Multiplicity:1.23
0.001	0.196	0.802	0.001
0.997	0.001	0.001	0.001
0.001	0.182	0.591	0.226
0.001	0.055	0.631	0.313
0.052	0.024	0.001	0.923
0.952	0.001	0.001	0.046
0.997	0.001	0.001	0.001
0.819	0.001	0.080	0.100
0.271	0.012	0.369	0.347
0.623	0.258	0.118	0.001
>GGTCAATGAT	14-GGTCAATGAT	7.432835	-15.053549	0	T:101.0(14.51%),B:1240.2(8.53%),P:1e-6	Tpos:954.2,Tstd:492.9,Bpos:957.5,Bstd:512.8,StrandBias:0.1,Multiplicity:1.17
0.030	0.092	0.854	0.024
0.081	0.093	0.787	0.039
0.086	0.058	0.076	0.780
0.031	0.882	0.040	0.047
0.826	0.045	0.066	0.063
0.817	0.059	0.060	0.064
0.060	0.117	0.088	0.735
0.104	0.050	0.786	0.060
0.713	0.088	0.086	0.113
0.025	0.044	0.104	0.827
>AAATGGCGTG	15-AAATGGCGTG	9.331236	-14.570415	0	T:17.0(2.44%),B:72.4(0.50%),P:1e-6	Tpos:1105.8,Tstd:536.7,Bpos:1194.1,Bstd:438.7,StrandBias:-0.7,Multiplicity:1.06
0.878	0.120	0.001	0.001
0.997	0.001	0.001	0.001
0.856	0.050	0.001	0.093
0.001	0.107	0.001	0.891
0.001	0.001	0.997	0.001
0.001	0.001	0.997	0.001
0.001	0.997	0.001	0.001
0.001	0.001	0.997	0.001
0.001	0.001	0.001	0.997
0.001	0.001	0.997	0.001
>CACTCGTGCS	16-CACTCGTGCS	8.450961	-13.224921	0	T:37.0(5.32%),B:313.7(2.16%),P:1e-5	Tpos:1205.1,Tstd:429.5,Bpos:1194.5,Bstd:466.4,StrandBias:0.3,Multiplicity:1.03
0.014	0.869	0.001	0.116
0.895	0.103	0.001	0.001
0.001	0.887	0.073	0.039
0.001	0.002	0.128	0.869
0.006	0.874	0.073	0.047
0.013	0.001	0.985	0.001
0.001	0.073	0.001	0.925
0.016	0.001	0.982	0.001
0.015	0.839	0.003	0.143
0.001	0.400	0.514	0.085
>CGAGCTCGGC	17-CGAGCTCGGC	13.633786	-10.373763	0	T:6.0(0.86%),B:9.3(0.06%),P:1e-4	Tpos:1600.3,Tstd:59.7,Bpos:1482.7,Bstd:207.0,StrandBias:0.4,Multiplicity:1.00
0.001	0.997	0.001	0.001
0.001	0.001	0.997	0.001
0.997	0.001	0.001	0.001
0.001	0.001	0.997	0.001
0.001	0.997	0.001	0.001
0.001	0.001	0.001	0.997
0.001	0.997	0.001	0.001
0.001	0.001	0.997	0.001
0.001	0.001	0.997	0.001
0.001	0.817	0.181	0.001
>CAATTCTGAC	18-CAATTCTGAC	10.406696	-9.976611	0	T:26.0(3.74%),B:216.7(1.49%),P:1e-4	Tpos:883.9,Tstd:414.4,Bpos:849.9,Bstd:503.5,StrandBias:-0.7,Multiplicity:1.54
0.001	0.997	0.001	0.001
0.975	0.001	0.023	0.001
0.997	0.001	0.001	0.001
0.129	0.001	0.001	0.869
0.078	0.001	0.001	0.920
0.001	0.997	0.001	0.001
0.001	0.055	0.045	0.899
0.001	0.001	0.997	0.001
0.913	0.001	0.001	0.085
0.001	0.997	0.001	0.001
>TTAATATTAT	19-TTAATATTAT	10.353316	-9.961475	0	T:90.0(12.93%),B:1216.9(8.37%),P:1e-4	Tpos:781.1,Tstd:426.4,Bpos:838.6,Bstd:473.1,StrandBias:0.9,Multiplicity:1.32
0.001	0.001	0.001	0.997
0.001	0.001	0.001	0.997
0.997	0.001	0.001	0.001
0.905	0.093	0.001	0.001
0.001	0.001	0.001	0.997
0.997	0.001	0.001	0.001
0.001	0.001	0.001	0.997
0.270	0.071	0.001	0.658
0.873	0.001	0.125	0.001
0.001	0.001	0.001	0.997
>CTCAGGTCAT	20-CTCAGGTCAT	10.296193	-9.071074	0	T:8.0(1.15%),B:26.2(0.18%),P:1e-3	Tpos:826.4,Tstd:384.5,Bpos:803.2,Bstd:488.8,StrandBias:2.7,Multiplicity:4.62
0.100	0.700	0.100	0.100
0.100	0.100	0.100	0.700
0.100	0.700	0.100	0.100
0.700	0.100	0.100	0.100
0.100	0.100	0.700	0.100
0.100	0.100	0.700	0.100
0.100	0.100	0.100	0.700
0.100	0.700	0.100	0.100
0.700	0.100	0.100	0.100
0.100	0.100	0.100	0.700
>GTAGTGTTGT	21-GTAGTGTTGT	11.494666	-8.748324	0	T:12.0(1.72%),B:64.2(0.44%),P:1e-3	Tpos:899.9,Tstd:469.0,Bpos:999.3,Bstd:483.5,StrandBias:1.2,Multiplicity:2.17
0.001	0.001	0.997	0.001
0.001	0.001	0.001	0.997
0.997	0.001	0.001	0.001
0.001	0.001	0.997	0.001
0.001	0.001	0.126	0.872
0.001	0.001	0.997	0.001
0.001	0.001	0.001	0.997
0.001	0.110	0.001	0.888
0.001	0.001	0.997	0.001
0.001	0.001	0.001	0.997
>CTGTAGTATT	22-CTGTAGTATT	13.583587	-7.678048	0	T:12.0(1.72%),B:73.3(0.50%),P:1e-3	Tpos:748.2,Tstd:468.7,Bpos:899.4,Bstd:434.4,StrandBias:2.1,Multiplicity:3.45
0.001	0.997	0.001	0.001
0.001	0.001	0.001	0.997
0.001	0.001	0.997	0.001
0.001	0.001	0.001	0.997
0.997	0.001	0.001	0.001
0.001	0.001	0.997	0.001
0.001	0.001	0.001	0.997
0.777	0.001	0.221	0.001
0.001	0.001	0.001	0.997
0.001	0.001	0.001	0.997
>CACTGATCTA	23-CACTGATCTA	10.325854	-5.855901	0	T:29.0(4.17%),B:337.9(2.32%),P:1e-2	Tpos:904.0,Tstd:378.3,Bpos:941.9,Bstd:477.7,StrandBias:2.0,Multiplicity:1.81
0.001	0.997	0.001	0.001
0.846	0.001	0.067	0.086
0.001	0.997	0.001	0.001
0.001	0.001	0.001	0.997
0.001	0.001	0.837	0.161
0.746	0.001	0.001	0.252
0.001	0.001	0.001	0.997
0.001	0.869	0.001	0.129
0.001	0.001	0.001	0.997
0.633	0.001	0.001	0.365
>AGTCACTTGC	24-AGTCACTTGC	10.296193	-2.931215	0	T:3.0(0.43%),B:16.6(0.11%),P:1e-1	Tpos:793.8,Tstd:394.8,Bpos:966.5,Bstd:473.8,StrandBias:3.2,Multiplicity:3.33
0.700	0.100	0.100	0.100
0.100	0.100	0.700	0.100
0.100	0.100	0.100	0.700
0.100	0.700	0.100	0.100
0.700	0.100	0.100	0.100
0.100	0.700	0.100	0.100
0.100	0.100	0.100	0.700
0.100	0.100	0.100	0.700
0.100	0.100	0.700	0.100
0.100	0.700	0.100	0.100
>CTATAGATGA	25-CTATAGATGA	6.404373	-1.926666	0	T:446.0(64.08%),B:9017.5(62.02%),P:1e0	Tpos:904.3,Tstd:474.7,Bpos:913.5,Bstd:491.9,StrandBias:-0.0,Multiplicity:1.85
0.100	0.700	0.100	0.100
0.100	0.100	0.100	0.700
0.700	0.100	0.100	0.100
0.100	0.100	0.100	0.700
0.700	0.100	0.100	0.100
0.100	0.100	0.700	0.100
0.700	0.100	0.100	0.100
0.100	0.100	0.100	0.700
0.100	0.100	0.700	0.100
0.700	0.100	0.100	0.100
