>ACTGTGTCATAC	1-ACTGTGTCATAC	13.189924	-26.700788	0	T:13.0(1.87%),B:10.6(0.07%),P:1e-11	Tpos:1215.5,Tstd:427.7,Bpos:705.9,Bstd:595.3,StrandBias:1.2,Multiplicity:1.00
0.928	0.001	0.001	0.070
0.107	0.822	0.001	0.070
0.001	0.001	0.001	0.997
0.106	0.001	0.892	0.001
0.107	0.107	0.001	0.785
0.001	0.001	0.950	0.048
0.001	0.001	0.001	0.997
0.001	0.997	0.001	0.001
0.892	0.001	0.001	0.106
0.001	0.001	0.001	0.997
0.915	0.001	0.001	0.083
0.083	0.915	0.001	0.001
>TAAATATATCAT	2-TAAATATATCAT	11.830750	-22.109245	0	T:39.0(5.60%),B:235.1(1.62%),P:1e-9	Tpos:800.9,Tstd:456.5,Bpos:803.0,Bstd:427.3,StrandBias:0.4,Multiplicity:1.05
0.066	0.026	0.050	0.858
0.910	0.001	0.039	0.050
0.942	0.030	0.001	0.027
0.783	0.001	0.068	0.148
0.017	0.001	0.001	0.981
0.887	0.044	0.001	0.068
0.001	0.001	0.001	0.997
0.956	0.032	0.001	0.011
0.012	0.030	0.022	0.936
0.078	0.861	0.046	0.015
0.945	0.032	0.001	0.022
0.001	0.025	0.016	0.958
>CCCCCCTCCTCC	3-CCCCCCTCCTCC	10.645264	-21.501823	0	T:24.0(3.45%),B:93.6(0.64%),P:1e-9	Tpos:1219.2,Tstd:348.5,Bpos:1259.8,Bstd:355.1,StrandBias:0.4,Multiplicity:1.04
0.047	0.639	0.024	0.290
0.038	0.681	0.211	0.070
0.170	0.634	0.174	0.022
0.052	0.662	0.154	0.132
0.017	0.709	0.225	0.049
0.055	0.810	0.121	0.014
0.019	0.059	0.115	0.807
0.012	0.691	0.094	0.203
0.043	0.883	0.024	0.050
0.162	0.047	0.019	0.772
0.124	0.701	0.022	0.153
0.217	0.719	0.012	0.052
>AAGAGCAGCTTT	4-AAGAGCAGCTTT	12.280079	-21.135688	0	T:24.0(3.45%),B:95.3(0.66%),P:1e-9	Tpos:1084.0,Tstd:455.7,Bpos:1012.0,Bstd:491.1,StrandBias:-0.3,Multiplicity:1.12
0.890	0.040	0.001	0.069
0.941	0.057	0.001	0.001
0.206	0.030	0.763	0.001
0.959	0.001	0.001	0.039
0.050	0.001	0.913	0.036
0.001	0.905	0.050	0.044
0.997	0.001	0.001	0.001
0.001	0.068	0.930	0.001
0.036	0.937	0.001	0.026
0.044	0.069	0.001	0.886
0.001	0.035	0.001	0.963
0.057	0.001	0.001	0.941
>ATTAGACTGAAA	5-ATTAGACTGAAA	11.768628	-20.881410	0	T:29.0(4.17%),B:142.6(0.98%),P:1e-9	Tpos:974.0,Tstd:396.8,Bpos:882.9,Bstd:464.0,StrandBias:-0.9,Multiplicity:1.21
0.997	0.001	0.001	0.001
0.056	0.001	0.164	0.779
0.192	0.001	0.181	0.626
0.997	0.001	0.001	0.001
0.046	0.001	0.952	0.001
0.997	0.001	0.001	0.001
0.001	0.964	0.034	0.001
0.192	0.001	0.001	0.806
0.001	0.034	0.964	0.001
0.800	0.198	0.001	0.001
0.794	0.204	0.001	0.001
0.997	0.001	0.001	0.001
>ACTTTTTGTCTA	6-ACTTTTTGTCTA	11.175078	-20.656883	0	T:28.0(4.02%),B:134.4(0.92%),P:1e-8	Tpos:851.7,Tstd:427.3,Bpos:893.3,Bstd:469.4,StrandBias:0.1,Multiplicity:1.04
0.879	0.057	0.063	0.001
0.108	0.812	0.079	0.001
0.001	0.001	0.001	0.997
0.091	0.001	0.108	0.800
0.001	0.001	0.001	0.997
0.090	0.001	0.001	0.908
0.090	0.001	0.001	0.908
0.001	0.001	0.913	0.085
0.107	0.001	0.001	0.891
0.033	0.894	0.001	0.072
0.001	0.001	0.001	0.997
0.997	0.001	0.001	0.001
>TGAATAATCATT	7-TGAATAATCATT	12.548947	-19.809158	0	T:17.0(2.44%),B:47.4(0.33%),P:1e-8	Tpos:787.7,Tstd:370.8,Bpos:1053.6,Bstd:461.0,StrandBias:0.3,Multiplicity:1.47
0.001	0.001	0.001	0.997
0.001	0.001	0.997	0.001
0.978	0.001	0.001	0.020
0.622	0.096	0.123	0.159
0.001	0.001	0.001	0.997
0.842	0.147	0.001	0.010
0.936	0.001	0.001	0.062
0.001	0.177	0.311	0.511
0.001	0.997	0.001	0.001
0.997	0.001	0.001	0.001
0.001	0.001	0.001	0.997
0.001	0.096	0.246	0.657
>CGCTAGACAAGC	8-CGCTAGACAAGC	13.481429	-19.743515	0	T:8.0(1.15%),B:3.1(0.02%),P:1e-8	Tpos:1240.5,Tstd:449.0,Bpos:1315.6,Bstd:358.6,StrandBias:0.7,Multiplicity:1.00
0.001	0.997	0.001	0.001
0.001	0.001	0.867	0.131
0.131	0.867	0.001	0.001
0.001	0.001	0.001	0.997
0.867	0.001	0.001	0.131
0.001	0.131	0.867	0.001
0.997	0.001	0.001	0.001
0.001	0.997	0.001	0.001
0.997	0.001	0.001	0.001
0.867	0.131	0.001	0.001
0.001	0.102	0.896	0.001
0.001	0.867	0.131	0.001
>TCATTATTGTCT	9-TCATTATTGTCT	11.826474	-18.354759	0	T:26.0(3.74%),B:131.4(0.90%),P:1e-7	Tpos:882.1,Tstd:471.0,Bpos:867.3,Bstd:483.6,StrandBias:-0.1,Multiplicity:1.04
0.001	0.068	0.052	0.879
0.001	0.973	0.001	0.025
0.971	0.001	0.001	0.027
0.001	0.001	0.052	0.946
0.001	0.080	0.001	0.918
0.895	0.081	0.001	0.023
0.001	0.080	0.001	0.918
0.001	0.080	0.001	0.918
0.001	0.052	0.896	0.051
0.001	0.001	0.046	0.952
0.028	0.950	0.001	0.021
0.001	0.081	0.081	0.837
>AGGAATTGATTG	10-AGGAATTGATTG	12.349418	-17.582697	0	T:14.0(2.01%),B:35.0(0.24%),P:1e-7	Tpos:807.4,Tstd:379.8,Bpos:1026.4,Bstd:447.2,StrandBias:-0.3,Multiplicity:1.29
0.997	0.001	0.001	0.001
0.182	0.001	0.816	0.001
0.001	0.183	0.713	0.103
0.578	0.001	0.014	0.407
0.997	0.001	0.001	0.001
0.210	0.001	0.001	0.788
0.015	0.001	0.001	0.983
0.001	0.001	0.997	0.001
0.997	0.001	0.001	0.001
0.001	0.017	0.319	0.663
0.001	0.001	0.068	0.930
0.001	0.001	0.997	0.001
>GAGGAAAGCTTT	11-GAGGAAAGCTTT	10.939783	-15.973844	0	T:14.0(2.01%),B:41.2(0.28%),P:1e-6	Tpos:1097.5,Tstd:427.1,Bpos:1140.0,Bstd:494.5,StrandBias:1.4,Multiplicity:1.57
0.001	0.076	0.922	0.001
0.934	0.001	0.064	0.001
0.001	0.001	0.997	0.001
0.064	0.001	0.934	0.001
0.901	0.001	0.001	0.097
0.922	0.056	0.021	0.001
0.873	0.050	0.076	0.001
0.001	0.001	0.922	0.076
0.001	0.922	0.076	0.001
0.001	0.001	0.097	0.901
0.076	0.001	0.001	0.922
0.001	0.076	0.076	0.847
>GGAAGCTTTTGA	12-GGAAGCTTTTGA	13.232985	-15.728899	0	T:9.0(1.29%),B:12.6(0.09%),P:1e-6	Tpos:682.1,Tstd:519.1,Bpos:882.5,Bstd:564.6,StrandBias:1.5,Multiplicity:1.67
0.001	0.099	0.899	0.001
0.001	0.107	0.826	0.066
0.997	0.001	0.001	0.001
0.997	0.001	0.001	0.001
0.001	0.001	0.833	0.165
0.001	0.997	0.001	0.001
0.001	0.001	0.057	0.941
0.001	0.001	0.099	0.899
0.001	0.001	0.001	0.997
0.001	0.099	0.001	0.899
0.001	0.001	0.997	0.001
0.899	0.001	0.001	0.099
>CTTTCTGGAAAA	13-CTTTCTGGAAAA	13.224147	-13.230408	0	T:10.0(1.44%),B:24.9(0.17%),P:1e-5	Tpos:886.0,Tstd:474.8,Bpos:1038.2,Bstd:510.9,StrandBias:-1.5,Multiplicity:1.50
0.001	0.997	0.001	0.001
0.001	0.001	0.001	0.997
0.001	0.001	0.001	0.997
0.001	0.116	0.001	0.882
0.001	0.997	0.001	0.001
0.001	0.001	0.001	0.997
0.038	0.221	0.740	0.001
0.001	0.001	0.997	0.001
0.997	0.001	0.001	0.001
0.692	0.001	0.001	0.306
0.740	0.038	0.221	0.001
0.423	0.186	0.228	0.162
>GATAACCTSAGG	14-GATAACCTSAGG	11.077407	-10.828097	0	T:12.0(1.72%),B:50.7(0.35%),P:1e-4	Tpos:825.6,Tstd:376.7,Bpos:880.6,Bstd:542.1,StrandBias:0.0,Multiplicity:3.42
0.001	0.001	0.856	0.142
0.537	0.212	0.001	0.250
0.001	0.141	0.001	0.857
0.588	0.001	0.270	0.141
0.873	0.001	0.001	0.125
0.046	0.952	0.001	0.001
0.110	0.888	0.001	0.001
0.001	0.001	0.001	0.997
0.001	0.485	0.513	0.001
0.888	0.001	0.001	0.110
0.001	0.070	0.928	0.001
0.070	0.001	0.928	0.001
>TTTAGCACATAT	15-TTTAGCACATAT	14.458194	-10.530358	0	T:7.0(1.01%),B:14.3(0.10%),P:1e-4	Tpos:573.5,Tstd:327.4,Bpos:773.2,Bstd:533.6,StrandBias:-1.4,Multiplicity:1.57
0.001	0.001	0.001	0.997
0.001	0.001	0.001	0.997
0.001	0.001	0.001	0.997
0.852	0.001	0.146	0.001
0.001	0.001	0.800	0.198
0.001	0.997	0.001	0.001
0.997	0.001	0.001	0.001
0.001	0.997	0.001	0.001
0.997	0.001	0.001	0.001
0.001	0.001	0.001	0.997
0.997	0.001	0.001	0.001
0.001	0.001	0.001	0.997
>GAACTGTTTATG	16-GAACTGTTTATG	12.441037	-9.810003	0	T:13.0(1.87%),B:66.5(0.46%),P:1e-4	Tpos:772.5,Tstd:374.7,Bpos:875.0,Bstd:543.0,StrandBias:1.9,Multiplicity:1.46
0.069	0.001	0.824	0.106
0.912	0.001	0.001	0.086
0.912	0.001	0.086	0.001
0.063	0.731	0.100	0.106
0.001	0.001	0.001	0.997
0.362	0.001	0.636	0.001
0.001	0.001	0.001	0.997
0.118	0.001	0.001	0.880
0.001	0.001	0.001	0.997
0.847	0.001	0.151	0.001
0.001	0.001	0.147	0.851
0.099	0.001	0.899	0.001
>AATGATTCATTC	17-AATGATTCATTC	13.189524	-8.691025	0	T:10.0(1.44%),B:45.6(0.31%),P:1e-3	Tpos:664.9,Tstd:497.8,Bpos:1018.8,Bstd:459.3,StrandBias:1.6,Multiplicity:1.90
0.997	0.001	0.001	0.001
0.946	0.052	0.001	0.001
0.001	0.001	0.001	0.997
0.001	0.089	0.909	0.001
0.997	0.001	0.001	0.001
0.001	0.059	0.101	0.839
0.001	0.001	0.100	0.898
0.001	0.914	0.084	0.001
0.997	0.001	0.001	0.001
0.001	0.001	0.001	0.997
0.001	0.001	0.001	0.997
0.001	0.997	0.001	0.001
>GATTTAGTAATA	18-GATTTAGTAATA	13.625936	-8.052594	0	T:8.0(1.15%),B:31.4(0.22%),P:1e-3	Tpos:838.0,Tstd:394.7,Bpos:846.0,Bstd:485.1,StrandBias:3.9,Multiplicity:3.88
0.001	0.389	0.609	0.001
0.997	0.001	0.001	0.001
0.036	0.076	0.001	0.887
0.001	0.001	0.155	0.843
0.048	0.001	0.001	0.950
0.997	0.001	0.001	0.001
0.001	0.001	0.789	0.209
0.001	0.001	0.001	0.997
0.997	0.001	0.001	0.001
0.923	0.075	0.001	0.001
0.001	0.389	0.001	0.609
0.982	0.001	0.016	0.001
>GATTATCAGCAT	19-GATTATCAGCAT	14.349308	-6.370299	0	T:3.0(0.43%),B:3.9(0.03%),P:1e-2	Tpos:664.6,Tstd:415.4,Bpos:627.9,Bstd:444.5,StrandBias:2.8,Multiplicity:2.67
0.001	0.001	0.997	0.001
0.997	0.001	0.001	0.001
0.001	0.001	0.160	0.838
0.001	0.001	0.001	0.997
0.997	0.001	0.001	0.001
0.001	0.001	0.001	0.997
0.001	0.997	0.001	0.001
0.997	0.001	0.001	0.001
0.001	0.001	0.997	0.001
0.001	0.997	0.001	0.001
0.997	0.001	0.001	0.001
0.001	0.001	0.125	0.873
>TAACCTCAGGTC	20-TAACCTCAGGTC	15.069630	-6.173374	0	T:2.0(0.29%),B:0.9(0.01%),P:1e-2	Tpos:801.0,Tstd:233.9,Bpos:923.0,Bstd:0.0,StrandBias:10.0,Multiplicity:2.50
0.001	0.001	0.001	0.997
0.997	0.001	0.001	0.001
0.997	0.001	0.001	0.001
0.001	0.874	0.001	0.124
0.001	0.997	0.001	0.001
0.374	0.001	0.001	0.624
0.001	0.997	0.001	0.001
0.749	0.001	0.125	0.125
0.001	0.001	0.874	0.124
0.001	0.001	0.997	0.001
0.001	0.001	0.001	0.997
0.001	0.997	0.001	0.001
>AGTCAGAATTGC	21-AGTCAGAATTGC	12.644203	-5.483735	0	T:8.0(1.15%),B:49.9(0.34%),P:1e-2	Tpos:695.0,Tstd:377.3,Bpos:582.9,Bstd:416.5,StrandBias:1.0,Multiplicity:3.38
0.918	0.001	0.080	0.001
0.001	0.001	0.997	0.001
0.001	0.062	0.001	0.936
0.001	0.997	0.001	0.001
0.997	0.001	0.001	0.001
0.001	0.001	0.997	0.001
0.936	0.001	0.001	0.062
0.946	0.052	0.001	0.001
0.062	0.001	0.001	0.936
0.001	0.063	0.081	0.855
0.037	0.108	0.723	0.132
0.001	0.830	0.001	0.168
>AATCATTTGAGT	22-AATCATTTGAGT	13.781561	-5.325720	0	T:5.0(0.72%),B:20.2(0.14%),P:1e-2	Tpos:743.6,Tstd:449.8,Bpos:829.0,Bstd:425.7,StrandBias:2.5,Multiplicity:2.60
0.997	0.001	0.001	0.001
0.997	0.001	0.001	0.001
0.001	0.001	0.001	0.997
0.001	0.997	0.001	0.001
0.914	0.001	0.001	0.084
0.001	0.128	0.100	0.771
0.001	0.001	0.001	0.997
0.001	0.001	0.001	0.997
0.001	0.001	0.997	0.001
0.997	0.001	0.001	0.001
0.001	0.084	0.914	0.001
0.001	0.001	0.001	0.997
>GATGACTGTAGT	23-GATGACTGTAGT	6.517702	-4.577549	0	T:448.0(64.37%),B:8711.3(59.92%),P:1e-1	Tpos:954.3,Tstd:490.3,Bpos:971.4,Bstd:503.3,StrandBias:0.2,Multiplicity:1.72
0.100	0.100	0.700	0.100
0.700	0.100	0.100	0.100
0.100	0.100	0.100	0.700
0.100	0.100	0.700	0.100
0.700	0.100	0.100	0.100
0.100	0.700	0.100	0.100
0.100	0.100	0.100	0.700
0.100	0.100	0.700	0.100
0.100	0.100	0.100	0.700
0.700	0.100	0.100	0.100
0.100	0.100	0.700	0.100
0.100	0.100	0.100	0.700
>GTCACTTGCTGT	24-GTCACTTGCTGT	14.361755	-4.443181	0	T:2.0(0.29%),B:2.4(0.02%),P:1e-1	Tpos:734.0,Tstd:370.8,Bpos:808.7,Bstd:635.4,StrandBias:10.0,Multiplicity:4.00
0.001	0.001	0.997	0.001
0.001	0.001	0.001	0.997
0.001	0.997	0.001	0.001
0.997	0.001	0.001	0.001
0.138	0.860	0.001	0.001
0.001	0.001	0.001	0.997
0.001	0.001	0.001	0.997
0.001	0.001	0.997	0.001
0.001	0.997	0.001	0.001
0.001	0.001	0.107	0.891
0.001	0.001	0.997	0.001
0.001	0.138	0.001	0.860
>TGTTATTCACTA	25-TGTTATTCACTA	12.355432	-1.567780	0	T:1.0(0.14%),B:4.6(0.03%),P:1e0	Tpos:646.5,Tstd:403.2,Bpos:1217.2,Bstd:288.7,StrandBias:10.0,Multiplicity:37.00
0.100	0.100	0.100	0.700
0.100	0.100	0.700	0.100
0.100	0.100	0.100	0.700
0.100	0.100	0.100	0.700
0.700	0.100	0.100	0.100
0.100	0.100	0.100	0.700
0.100	0.100	0.100	0.700
0.100	0.700	0.100	0.100
0.700	0.100	0.100	0.100
0.100	0.700	0.100	0.100
0.100	0.100	0.100	0.700
0.700	0.100	0.100	0.100
